9
10
139
140
14
143
18
146
25
28
29
35
170
43
171
49
177
53
54
181
185
60
71
80
81
95
109
110
111
2051
1924
2184
2060
1804
2063
2065
2068
1941
1944
2075
1824
1953
2085
2088
1836
1968
2101
2102
1973
2104
1849
2106
1980
1984
2115
1990
1867
2124
2001
2131
2132
1875
2011
2012
2140
2139
2015
1887
2016
2149
2028
2158
2159
1902
2030
2034
1907
2164
2165
1911
2040
2041
2170
1538
2052
2053
1540
1545
2066
1554
2078
1568
2086
2089
1583
1584
1585
1587
2100
1588
1591
2112
1600
1602
2120
1615
2137
1629
2145
1638
1639
1644
2157
1646
1647
1650
1651
2172
1660
1666
1667
2183
1674
2190
1685
1689
1692
2208
1698
1699
1702
1709
1711
2228
1717
1728
1733
1742
1743
1744
1746
1747
1749
1758
1769
1771
1776
1779
1785
1786
1791
1795
1801
1809
1811
1812
1819
1823
1830
1837
1841
1844
1860
1861
1862
1865
1869
1874
1882
1888
1895
1898
1899
1909
1912
1914
1920
1925
1930
1934
1946
1949
1952
1960
1969
1975
1977
1986
1987
1995
2004
2005
2009
2018
2022
2027
2029
2042
3584
3589
3593
3595
3596
3600
4115
3603
3608
3611
3612
4126
3616
3622
3624
3626
3637
3638
3641
3642
4156
3646
3648
3649
3650
3652
3657
3662
3578
3668
3670
3673
3674
3677
3678
3683
3691
3693
3694
3697
3701
3703
3706
3711
3713
3714
3715
3716
3721
3727
3733
3734
3735
3738
3741
3744
3747
3749
3754
3759
3760
3762
3766
3770
3775
3776
3781
3783
3787
3788
3790
3792
3797
3798
3803
3805
3808
3812
3815
3820
3822
3830
3831
3839
3842
3851
3854
3856
3857
3861
3864
3872
3874
3886
3887
3889
3377
3385
3402
3918
3922
3410
3415
3930
3419
3422
3428
3434
3949
3439
3953
3441
3443
3960
3449
3458
3463
3467
3981
3470
3479
3992
3480
3482
3487
3489
3490
3493
3497
4013
3503
4017
3506
4021
3511
3512
3514
3517
3526
3527
3529
3530
3531
3538
3539
3542
3543
4057
4060
4062
3551
3553
3555
3557
3560
3568
3569
3570
3574
4090
3580
3583
2069
2105
2113
2134
2186
2197
2233
187
189
193
197
202
2255
2261
213
225
227
228
229
231
237
239
2291
251
2305
2306
260
263
266
268
269
273
276
2328
290
2342
294
296
299
300
303
2355
308
312
2361
314
313
316
319
320
2369
328
329
330
331
333
334
336
337
2392
345
344
349
350
352
2401
353
355
354
358
2408
362
363
364
367
369
2420
2421
2422
375
374
377
372
379
376
2430
385
388
390
392
393
394
395
398
400
402
2451
403
404
407
2456
409
2458
411
412
413
414
415
419
2469
422
421
425
2474
427
430
432
433
434
2484
437
436
439
438
440
442
445
447
448
449
2500
452
2503
2504
456
460
462
464
465
2514
469
471
2521
473
475
474
477
480
482
2531
483
485
484
486
487
2538
491
2541
493
497
498
2547
2548
499
502
506
508
2557
511
512
513
515
516
2568
521
522
524
526
2575
527
2577
530
529
2581
536
537
539
540
542
2593
546
547
2596
548
549
551
2600
545
553
2606
558
559
560
2610
567
568
2620
572
575
2624
577
2628
2629
582
583
580
585
589
590
591
592
2641
594
595
2644
596
602
603
2653
2657
609
614
616
2665
2668
620
622
2672
624
2676
2677
630
629
628
631
634
636
638
639
640
647
648
649
653
2703
2704
655
659
660
661
2713
2715
668
669
2718
2719
672
674
2725
677
679
682
684
686
687
2737
691
692
695
696
697
2757
713
714
715
717
719
727
728
731
733
734
735
737
2787
739
740
741
748
749
751
753
755
759
2808
763
766
2815
767
774
775
779
2828
780
783
784
785
789
793
795
797
799
803
804
805
806
808
813
816
817
818
824
825
826
2881
836
839
840
2889
841
2894
848
851
853
854
863
866
867
869
872
873
875
876
877
879
888
2948
2949
903
906
920
923
953
3004
969
978
985
3047
1002
1026
1041
1083
1087
1142
1147
1215
1217
1221
1284
1290
1301
1369
1385
1396
1460
1469
1490
1527
1546
1559
1576
1617
1640
1659
1683
1687
1718
1750
1778
1797
1815
1859
1868
1897
1908
1935
1957
1993
2023
2045
2817
2181
2954
2701
2831
1168
1046
2583
2840
2073
1818
1433
1820
1303
2592
2720
2981
1574
2471
2854
2727
2598
2352
2227
1716
2745
2490
1595
2556
1338
1855
1734
2940
1609
2762
2637
1998
2638
1997
1489
2895
2387
2902
2778
1242
2783
2912
2402
2147
2792
2539
2674
1138
2679
1400
2427
1276
2301
4608
4612
4615
4108
4620
4632
4125
4639
4643
4646
4134
4653
4663
4668
4669
4158
4670
4161
4673
4165
4678
4679
4682
4173
4690
4183
4695
4703
4704
3681
3684
4719
4209
3699
4724
4213
4729
4731
4220
4223
4736
4737
4746
4237
4240
4241
3728
4755
4242
4245
4243
4246
4248
4249
4763
4252
4765
4766
4255
4256
4258
4779
4275
4277
3767
4792
3769
4282
4279
3772
4285
3773
4286
4797
4288
4290
4292
3780
4294
4808
4299
4300
4816
4817
4307
4308
4309
4311
4314
4319
4320
4321
4835
4836
4327
4328
4331
4332
3821
4333
4335
3829
4343
4344
4346
4351
4352
4865
4354
4355
4360
4361
4363
4364
4366
4369
3858
4371
4374
4376
4377
3865
4379
3869
4381
3871
4384
3875
3878
4391
4392
4394
4395
4397
4398
4401
4404
4406
4409
4410
4411
4414
4415
4416
4420
3915
4427
4430
3921
4434
4441
4442
4444
4447
4448
4449
4451
4453
4455
4456
4457
4458
4461
3951
4464
4468
3957
4470
4471
3972
4484
3976
4489
4490
4491
4492
4493
4488
4495
3984
4497
4496
4509
4514
4515
4516
4518
4006
4007
4524
4526
4529
4531
4532
4535
4026
4028
4545
4547
4550
4553
4555
4557
4045
4049
4564
4566
4056
4572
4574
4578
4590
4591
4592
4086
4599
4088
4089
4598
4603
4606
4607
1025
2057
2569
3094
1050
3100
1566
2081
552
2601
3112
1077
1080
573
2623
3136
1606
3146
2636
593
3163
2652
1631
613
1126
1127
3177
1131
2671
1137
3190
1143
1656
2682
2684
2173
1153
646
1671
1164
1165
1681
1682
1684
667
1181
1694
1695
3229
2213
678
2731
1713
3256
1209
2747
701
2240
2754
2252
718
3280
2257
2258
1235
1241
1247
736
2788
2793
2286
750
2294
765
2304
2820
777
778
786
2846
801
1313
807
809
810
1330
828
2877
1343
2882
1348
1355
844
2893
2394
862
2910
2920
1386
880
2932
901
2951
2963
2452
919
1434
928
929
943
2991
945
947
1465
956
2493
1474
3011
1476
966
3024
3029
982
983
984
996
3048
3057
1522
2549
2560
2563
2565
2570
2061
2573
2579
2584
2586
2587
2594
2604
2093
2612
2616
2617
2632
2633
2635
2640
2642
2643
2645
2646
2648
2649
2656
2670
2675
2686
2688
2691
2692
2698
2700
2708
2710
2711
2714
2209
2723
2724
2215
2220
2735
2739
2741
2746
2755
2756
2758
2251
2253
2766
2772
2773
2267
1755
2781
2785
2789
2791
2287
2801
2804
2812
2816
2818
2822
1798
2825
2829
2838
2839
2336
2337
2853
2341
2856
2350
2864
2869
2872
1848
2370
2371
2883
2885
2375
2379
2892
2900
2395
2914
2916
2918
1896
2410
2423
2941
2431
2437
2440
1938
2453
2454
2455
2457
2460
2467
2482
1972
2491
2506
2509
2511
2516
2519
2523
2526
2534
2031
2543
2550
2043
2558
4203
4613
3079
4617
5133
4116
4630
5149
3618
4645
3625
3632
3634
4147
4661
4662
5178
3647
5188
4167
3658
5195
3663
4181
3159
4699
4702
4705
3685
5222
5221
4712
4713
4601
4718
3695
4720
5233
4725
3710
3198
3712
4743
3208
3209
3723
4750
3726
3214
5262
4253
4767
1701
5285
4263
5287
3753
5291
4780
4273
4789
3768
3257
3258
5307
4798
3786
4810
3276
3284
5335
4313
4315
3804
4317
3807
5344
3300
3303
5355
4846
5361
4854
4857
4861
4867
3844
4359
5385
3852
3341
4877
4370
1810
4375
3863
2841
5399
3867
5411
3364
3369
3370
3376
4915
4916
4407
4417
4932
4429
5454
4431
3408
1872
2898
3923
3928
3939
3427
3432
2924
3437
4463
3442
3450
2939
3968
3969
4996
5003
5010
3989
3478
3995
3483
4510
3999
3488
5022
4517
1958
4519
3496
2986
4014
3502
4530
5043
3510
4542
3520
2496
5058
3013
4041
5069
3536
4568
3550
3558
4589
4080
5104
5105
3572
3577
3582
2217
2284
2256
2225
2262
2230
4609
4626
4627
4629
4631
4637
4644
4648
4649
4660
4667
4674
4677
4680
4681
4687
4693
4698
4701
4707
4715
4717
4721
4726
4727
4733
4738
4741
4751
4752
4753
4758
4761
4764
4772
4778
4784
4788
4791
4280
4794
4796
4804
4809
4811
4813
4822
4826
4828
4830
4834
4325
4842
4845
4847
4851
4342
4856
4871
4872
4874
4876
4365
4884
4888
4892
4382
4895
4899
4901
4902
4390
4911
4914
4919
4408
4418
4933
4934
4423
4425
4426
4428
4940
4942
4943
4945
4946
4948
4960
4452
4966
4970
4460
4974
4465
4467
4981
4475
4987
4988
4990
4995
4483
4997
5008
4498
4504
4508
4513
4520
4521
4541
4543
4544
4552
4554
4562
4579
4583
4584
4587
4594
4595
4604
4959
4968
4979
4985
5005
5006
5009
5017
5018
5023
5024
5029
5035
5037
5044
5045
5047
5052
5054
5057
5060
5066
5070
5072
5075
5076
5079
5081
5083
5085
5090
5095
5098
5099
5102
5103
5107
5108
5109
5112
5115
5120
5121
5124
5126
5127
5130
5131
5132
5140
5141
5142
5143
5147
5148
5150
5155
5157
5158
5159
5160
5161
5163
5164
5166
5167
5168
5169
5170
5173
5174
5177
5180
5181
5184
5186
5189
5191
5192
5193
5196
5197
5200
5201
5202
5203
5204
5205
5210
5211
5214
5215
5216
5217
5218
5219
5223
5224
5225
5227
5229
5232
5234
5235
5236
5239
5240
5242
5244
5245
5247
5248
5249
5250
5252
5253
5255
5256
5257
5258
5259
5260
5264
5266
5267
5268
5270
5271
5273
5275
5276
5278
5281
5282
5286
5288
5290
5292
5293
5294
5296
5297
5299
5300
5301
5302
5304
5306
5308
5310
5311
5313
5314
5315
5316
5319
5321
5323
5324
5327
5328
5329
5330
5331
5332
5336
5337
5340
5341
5345
5346
5348
5349
5350
5351
5352
5353
5354
5356
5363
5366
5370
5371
5372
5373
5374
5375
5376
5378
5379
5380
5384
5386
5387
5389
5390
5391
5394
5396
5397
5400
5403
5407
5409
5410
5412
5413
5414
5415
5419
5421
5422
5423
5424
5427
5428
5433
5434
5437
5438
5440
5442
5443
5444
5445
5448
5452
5453
5455
5456
5459
5461
5465
5469
5472
5473
5474
5476
5478
5479
5480
5481
5485
5486
5487
5488
5497
5500
5504
5505
5506
5507
5508
5509
5513
5514
5516
5521
5522
5526
5529
5534
5536
5537
5543
5545
5550
5552
5553
5554
5558
5563
5564
5598
5602
5604
5622
5623
5628
5633
5637
5638
5641
5643
5645
5646
5654
5657
5658
5663
5666
5667
5669
5670
5671
5672
5678
5686
5688
5689
5691
5692
5693
5696
5698
5699
5701
5705
5706
5708
5712
5713
5714
5717
5720
5721
5722
5727
5730
5732
5733
5736
5738
5741
5742
5743
5744
5745
5746
5750
5757
5759
5760
5761
5763
5766
5767
5768
5769
5773
5776
5777
5781
5782
5785
5786
5789
5792
5793
5796
5797
5799
5802
5804
5807
5808
5810
5811
5812
5818
5820
5822
5824
5825
5829
5830
5832
5833
5837
5841
5843
5844
5845
5846
5849
5851
5854
5858
5859
5860
5861
5863
5864
5867
5869
5870
5874
5875
1539
1541
1544
1547
1035
1549
1043
1561
1563
1052
1569
1571
1573
1578
1066
1580
1068
1071
1072
1586
1589
1594
1597
1088
1601
1093
1607
1095
1098
1611
1612
1613
1614
1618
1106
1113
1117
1118
1635
1637
1641
1642
1643
1645
1133
1135
1136
1654
1144
1657
1145
1150
1664
1665
1669
1160
1672
1676
1677
1678
1679
1680
1169
1166
1175
1176
1693
1183
1697
1186
1700
1193
1194
1196
1197
1710
1708
1715
1207
1720
1212
1725
1727
1216
1731
1220
1219
1735
1225
1738
1739
1740
1228
1230
1232
1234
1240
1756
1757
1760
1761
1250
1763
1765
1254
1767
1770
1258
1261
1264
1265
1267
1268
1781
1782
1270
1784
1272
1787
1789
1277
1790
1283
1799
1288
1803
1805
1806
1294
1298
1813
1304
1305
1307
1309
1310
1826
1828
1316
1831
1833
1321
1835
1322
1834
1840
1331
1333
1334
1335
1850
1851
1339
1853
1341
1342
1856
1857
1349
1351
1356
1358
1870
1876
1878
1879
1366
1884
1885
1373
1375
1376
1889
1377
1890
1893
1383
1387
1389
1390
1903
1906
1394
1399
1913
1915
1916
1406
1410
1412
1413
1414
1415
1928
1418
1932
1421
1936
1937
1427
1431
1945
1947
1438
1951
1447
1959
1451
1452
1967
1458
1463
1468
1981
1470
1983
1475
1988
1989
1477
1482
2003
1494
1497
1498
1501
1506
1508
2020
1510
1512
1520
2032
2036
2039
1531
1535
3076
3080
3592
3086
3091
3605
3606
1049
3610
3614
3615
1062
3623
3627
561
3639
569
578
1092
3144
1616
3153
3667
3167
3680
3173
1125
3180
3702
3192
2681
3196
3217
2717
3240
3250
690
702
703
707
2768
3286
2777
3291
1768
1256
1257
3307
2806
3321
3327
3330
3333
3339
2316
1292
3342
2830
3340
3347
2325
3355
2354
2866
2870
3386
3389
1864
3407
3412
855
856
861
2917
871
3453
382
3455
2946
902
2953
3465
2958
3471
3474
3475
3481
3484
1446
3495
3500
1454
2478
3504
3513
3518
3008
458
468
2527
3552
3041
3559
1511
1005
3056
3067
1152
1161
1073
1204
1044
1111
1210
1275
1245
3082
3106
3107
3109
3113
2603
3115
3118
3124
3134
3142
3161
3162
3168
3170
3171
3174
3178
3183
2678
2689
3201
3202
3211
3213
3215
3227
3230
3232
3237
2736
3253
3254
3259
3266
3268
3270
2761
3275
3279
3288
2780
3296
3298
2794
3306
2798
3313
3314
3318
3322
3329
2819
3336
2312
2824
3350
3351
3354
3358
2848
3366
2855
3371
3372
2863
2865
3379
2876
3390
2879
3395
3405
3411
3413
2903
3417
3418
3421
2921
2930
2933
2934
2935
2936
3445
2938
3454
2433
3460
3461
3462
3468
3485
2974
2988
2989
3507
3508
2997
3001
3002
3516
3006
3010
3525
3532
3031
3549
3045
2536
3055
3058
3059
3060
3061
3063
2552
3069
2721
2733
2759
5228
5101
5171
5206
5144
5752
5755
5724
3966
