5121
4611
5124
4614
5127
4616
4618
4619
5132
4623
5140
5141
4633
5147
4636
5148
4640
5158
4647
5160
5161
4650
4652
5164
4655
4656
4657
5168
4659
5169
5174
4665
4671
5186
4675
5191
5193
4683
4685
4686
5197
4691
4692
5203
4694
5204
4696
5205
4697
5215
4706
4708
4710
5223
4716
4722
4723
5239
5240
5112
4730
4732
4734
4735
4738
4739
4740
4742
4744
4751
4753
4756
4757
4758
4760
4761
4762
4764
4770
4774
4776
4777
4782
4784
4785
4786
4788
4790
4796
4799
4800
4802
4804
4805
4811
4813
4814
4815
4818
4819
4820
4821
4826
4828
4829
4833
4837
4838
4839
4842
4844
4851
4853
4855
4856
4862
4864
4866
4869
4871
4872
4873
4874
4879
4885
4886
4888
4889
4890
4893
4900
4901
4902
4904
4906
4911
4912
4913
4914
4918
4919
4920
4931
4933
4935
4936
4937
4939
4940
4946
4947
4948
4952
4960
4962
4965
4966
4970
4971
4974
4976
4978
4980
4981
4985
4988
4991
4997
4998
4999
5001
5002
5004
5006
4495
5008
5016
5018
5019
5030
5033
5034
5037
4527
5042
5044
4533
5045
4535
5047
4539
4540
5051
5052
4546
4548
5060
5063
5066
4556
5070
5072
4561
5075
4565
4566
5079
4569
5082
5085
4576
4577
5090
4580
4581
5092
5094
5098
5099
5103
5107
4596
4597
5108
4600
4602
5115
4606
4096
3585
4097
3591
4103
3594
4108
4109
3598
3599
3601
3602
4118
4121
4124
4125
4128
3619
3620
4141
3631
3633
4145
3636
4149
4150
3640
4152
3643
3644
4155
4159
4160
4161
4163
4165
3654
4169
3659
3661
3664
3666
4087
3669
3671
3675
3679
3682
4195
4197
3687
3688
4199
4200
4201
4202
4205
3696
4209
3700
4213
4214
3704
3705
3708
3709
4223
4224
3718
3719
3720
3724
3731
4244
4243
3732
4246
3736
4247
3737
4249
3740
3743
4255
4256
3748
3750
3752
3756
3761
4275
3765
4281
3771
4285
3774
4288
3777
3782
3785
4299
3789
3791
3794
3795
4309
3799
3801
3802
3806
3813
3814
3816
3823
3824
3825
4341
4344
3832
3833
3836
3837
3838
3840
3843
3848
3849
3855
3859
4374
3862
3866
3873
3875
3876
3877
3879
3880
3881
3883
3884
3885
4398
3890
3893
3895
3898
3907
3910
3914
3916
3917
3921
3925
3926
3927
3933
3934
3935
3936
3937
3940
3947
3948
3950
3951
3952
3955
3956
3963
3965
3967
3970
3974
3976
3978
3985
3987
3988
3990
3994
3996
4003
4005
4007
4010
4011
4012
4015
4016
4019
4020
4022
4024
4026
4029
3519
3522
4035
4037
4042
3533
3534
3535
4046
4049
4047
4048
4050
4054
4055
4056
3546
4064
3556
4069
4073
3562
3563
4076
3566
4078
4079
4086
3575
3576
4092
4093
4608
4612
4100
4615
4105
4107
4620
4110
4113
4117
4120
4123
4639
4127
4129
4643
4132
4133
4646
4135
4138
4653
4142
4143
4146
4148
4663
4151
4669
4670
4157
4164
4678
4166
4170
4171
4172
4174
4177
4690
4180
4182
4695
4184
4186
4187
4703
4704
4193
4194
4196
4198
4714
4203
4204
4207
4216
4729
4217
4731
4218
4221
4222
4736
4226
4228
4230
4232
4234
4235
4748
4240
4241
4242
4759
4248
4250
4252
4766
4254
4257
4259
4262
4267
4268
4271
4272
4787
4277
4279
4793
4282
4283
4286
4287
4290
4292
4807
4295
4297
4300
4301
4303
4304
4305
4307
4308
4310
4311
4314
4319
4321
4327
4328
4329
4332
4333
4334
4335
4337
4338
4340
4343
4345
4351
4352
4354
4355
4360
4361
4363
4364
4366
4367
4368
4369
4372
4373
4376
4379
4380
4381
4384
4391
4392
4394
4395
4396
4397
4399
4400
4401
4402
4404
4406
4409
4410
4411
4413
4414
4420
4422
4430
4433
4434
4437
4438
4439
4441
4442
4444
4446
4447
4448
4449
4455
4456
4457
4458
4461
4462
4468
4470
4471
4477
4478
4480
4481
4484
4487
4488
4489
4490
4491
4492
4496
4497
4501
4502
4506
4509
4511
4512
4515
4516
4524
4529
4531
4532
4545
4547
4550
4038
4553
4039
4555
4051
4564
4058
4574
4578
4068
4070
4074
4075
4590
4591
4592
4081
4085
4091
4607
5633
5637
5640
5641
5642
5644
4622
5135
5137
5649
5139
5650
5654
5145
4634
5152
5667
5671
5672
5674
5165
5678
5680
5684
5686
5687
5688
5179
5182
5185
5187
5699
5701
5706
5708
5198
5712
5714
5715
5718
5208
5723
5724
5730
5732
4709
5220
5736
5226
5741
5232
5744
5234
5746
5749
5237
5752
5755
5757
5245
5246
5248
5249
5761
5251
5766
5255
5256
5768
5769
5261
5775
5776
5263
4754
5268
5780
5270
5781
5783
5272
5786
5279
4768
5282
5796
5798
5799
5288
5289
5290
5806
5807
5299
5300
5302
5303
5817
5306
5818
5305
5310
5823
5824
5313
4801
5316
5318
5319
5323
5835
5325
5840
5329
5841
5333
5334
5336
4825
5338
5340
5853
5345
5348
5352
4840
5354
5356
5357
5360
5366
5370
5373
5374
5377
5378
5381
5382
5388
5390
5391
5394
5396
5403
5407
5408
4385
5412
5415
5417
5422
5425
5431
5433
4923
4924
5435
5438
5439
5442
5443
5444
5445
5448
4938
5460
4951
5464
4954
5466
5467
4958
5474
5475
5481
5483
5485
5486
5487
5488
5494
5499
4476
5502
5512
5514
5519
5520
5521
5522
5012
5527
5529
5530
5539
5549
5551
5041
5553
5557
5046
5558
5050
5562
5564
5566
5567
5570
5574
5062
5065
5067
5585
5077
5589
5595
5598
5602
5603
5604
5605
5606
5607
5619
4084
5622
5111
5116
5630
3586
3587
3076
3590
3592
3086
3604
3605
3606
3607
3610
3613
3614
3617
4131
4134
4651
3627
3629
3630
3119
3635
3124
3125
4158
3651
3067
3655
3144
3656
3660
4173
1616
4689
4179
4183
3672
3676
3168
3680
3681
3684
3178
3180
3698
3699
4210
3192
2681
3707
4220
3196
3201
3717
4745
4236
3213
4237
3728
3217
3729
4245
3222
3227
3742
3745
4258
3237
3751
3240
4775
3245
3757
4269
3250
3763
3764
3767
3769
3259
3772
3773
4284
3778
3266
3780
4294
3275
2768
3793
3796
3286
3288
3291
4320
3298
1256
1768
3306
3307
3818
3821
4331
4848
4339
3317
2806
3318
3829
4346
4870
4358
3336
4362
1292
2316
2830
3342
3346
3347
3858
2325
3860
3350
4371
4377
3865
3354
3868
3869
3358
3871
3366
3878
3882
2354
2866
2870
3386
3389
3390
4416
3395
4421
3399
1864
3915
4427
3405
3407
3919
3412
3413
3924
3417
3418
4957
3421
4451
3942
3433
3436
3445
3957
4472
3453
3454
3455
4479
3460
3461
3462
3972
3465
3468
2958
3982
4494
3472
3984
3481
3485
4001
1446
3494
4006
3498
3500
4525
1454
2478
3504
3507
3508
3509
4025
3513
4538
3515
3516
4028
3008
3525
3528
4040
3532
4044
4045
3537
3544
3549
2527
4575
3552
3041
3554
1511
3559
3561
3565
4077
3567
3056
3573
3063
4088
4089
3579
5120
3080
5129
3083
5136
5138
3091
4628
5142
5143
4632
2589
4638
5150
3615
5153
4642
5155
5156
5157
2595
5159
3623
4140
5167
3121
5170
2611
5175
3639
4664
4668
5180
1086
4672
4673
5184
4676
5189
4679
5192
4682
5194
4684
5196
5201
3153
3667
3070
5209
5211
604
5213
5214
3167
3581
5218
5219
3173
4711
5224
5229
4206
4719
5235
4724
3702
4728
5244
4737
5250
641
5253
5257
4746
5258
5259
4749
5260
4233
652
2705
3218
4755
4763
5275
4765
5278
1180
2717
670
4769
4771
5284
4773
5286
4779
3755
5293
4783
5296
5297
5301
4792
4797
4803
4808
5321
4812
5327
4816
4817
5330
5332
1751
4824
5337
4823
2777
3810
4835
4836
5350
4326
4330
4843
3819
4849
4850
5362
4852
3321
4858
4859
3327
4865
3330
3333
3845
3846
4875
3339
3340
4878
4880
4881
4882
4883
4887
4891
3355
5405
4897
4903
4905
4907
4908
3374
4917
3897
4922
4925
4926
4415
4927
4928
830
2366
1353
3401
4944
1362
4949
4953
858
4443
4956
3932
4959
4961
4963
4453
2917
4969
4973
4975
4464
4979
4983
4984
889
3962
4473
4986
1407
4993
2946
4994
5000
908
4493
5005
5007
3471
5009
3474
5011
3475
5014
1430
3484
5021
5023
4514
5026
931
5029
4518
5031
3495
1961
5035
5036
4526
5039
5048
5049
4537
443
5054
5055
3518
5057
5056
5059
5064
4557
4559
4560
5074
466
5076
3540
5080
3547
4572
5084
2525
5087
4063
503
5093
5095
5097
4588
5102
4593
5106
5109
4598
4599
5110
5113
5114
4603
5117
5118
1028
2566
519
3079
525
528
532
1566
3618
552
3625
3632
2097
3123
4147
1077
2614
1079
3127
3130
3131
573
63
3647
1606
1096
3577
79
3663
593
84
4181
3159
601
605
1631
608
613
102
103
1127
3685
618
3695
1143
2682
2684
125
637
3198
3710
1153
3712
131
646
135
3208
3209
3723
3214
3726
657
1681
1684
667
1181
3231
160
162
164
1701
678
1190
4263
169
681
3753
174
4273
693
3768
1209
3257
2747
701
2749
3258
199
200
1737
2760
2252
3272
3276
3786
2257
722
3284
215
217
1241
219
1754
3804
3807
224
4317
3300
3303
234
2286
754
1266
244
757
250
253
765
770
3844
265
778
3852
3341
271
1810
279
2841
283
3867
287
800
801
2338
292
3364
807
3369
298
1323
2859
3370
3376
305
306
1330
310
2880
321
323
2884
843
1355
1359
1872
3408
2898
339
3923
3928
351
3427
356
3939
3432
2924
3437
4463
3442
371
2932
373
885
3450
2939
380
383
384
3968
386
387
3969
389
2951
397
2452
3989
3478
919
408
3483
3995
928
929
420
2978
1958
3488
426
2986
3496
4519
431
943
945
3502
3510
4014
2496
3520
1476
3013
4041
1994
459
3018
973
463
3536
980
982
476
478
479
1504
481
994
3550
3558
496
4080
1522
500
501
3572
505
3582
1023
0
1
2
3
4
5
7
8
11
12
13
15
16
17
19
20
24
26
27
22
30
31
32
33
34
37
38
39
41
44
45
47
48
50
51
57
58
59
62
64
65
66
68
73
74
75
72
78
89
88
91
92
93
94
96
98
100
101
106
112
114
116
118
121
122
123
124
129
132
134
136
137
142
148
153
156
155
150
154
158
159
163
167
168
178
182
183
184
188
189
187
191
193
195
197
202
204
207
213
214
218
225
226
228
231
230
235
237
239
240
251
252
255
257
259
261
262
266
268
269
273
275
276
277
280
286
290
295
299
301
302
303
309
312
313
314
317
316
322
329
332
334
335
336
340
341
342
345
350
353
346
359
360
361
362
363
367
365
370
377
379
381
382
390
393
396
400
403
399
405
406
409
412
416
419
423
424
425
429
434
435
441
444
446
451
453
454
458
461
467
468
490
489
504
518
535
543
557
561
569
574
578
588
597
599
607
690
702
703
706
707
708
723
768
829
855
856
861
871
902
977
1005
1049
1062
1092
1125
1257
1471
347
512
6
9
10
522
523
14
527
18
530
21
23
25
537
28
29
540
545
546
35
36
40
42
43
46
560
49
52
53
54
55
56
567
60
61
575
67
69
70
71
76
77
80
81
82
83
595
85
86
87
90
95
97
99
104
105
107
108
109
110
111
113
115
117
119
120
126
127
128
130
133
138
139
140
141
143
144
145
146
147
149
151
152
157
161
165
166
171
172
170
173
175
176
177
179
180
181
185
186
190
192
194
196
198
201
203
205
206
208
209
210
211
212
216
220
221
222
223
227
229
232
233
236
238
241
242
243
245
246
247
248
249
254
256
258
260
263
264
267
270
272
274
278
281
282
284
285
288
289
291
293
294
296
297
300
304
307
308
311
315
318
319
320
324
325
326
327
328
330
331
333
337
338
344
348
349
352
354
355
357
358
364
368
369
372
374
375
376
385
388
392
394
395
398
402
404
407
411
413
414
415
421
422
427
433
438
437
436
440
442
448
449
452
456
462
465
473
474
477
480
483
484
486
491
497
498
502
506
5123
5635
4613
5636
5647
5648
4630
5656
5146
5659
5149
5661
5151
5662
5154
4645
5675
5676
5677
5679
5171
5683
4661
5685
5178
5188
5700
5190
5702
5703
5195
5199
5711
5206
5212
5725
5728
4705
5731
5222
5739
5228
4601
4718
5233
5238
5241
5243
5762
5764
5254
5770
5262
5777
5778
5779
5269
5784
5274
5787
5789
5791
5792
5793
5794
5283
5795
5285
5797
5801
5802
5291
5803
5804
5805
5295
5808
5809
5298
5810
5811
4789
5812
5813
5815
5816
4795
5307
5309
5819
5820
5312
5821
5822
5825
5826
5317
5827
5828
5829
5830
5831
5832
5833
5834
5836
5837
5838
5839
5842
5843
5844
5845
5846
5335
5847
5848
5849
5339
5850
5851
5342
5343
5344
5852
5854
5347
5855
5856
5857
5858
5859
5860
5861
5355
5862
5863
4846
5359
5864
5873
5865
5866
5364
5365
5869
5870
5368
5872
5874
5875
4861
4863
4867
4359
5383
5385
4877
5392
4370
5395
5399
5401
5402
5404
4896
5411
5416
5418
5420
5426
4915
5430
4407
5436
4417
4932
5446
5447
5450
5451
5454
5867
5458
5868
4955
5468
5470
5871
4964
5477
5484
5490
5491
5492
5493
5496
5498
4989
5501
4996
5003
5515
5517
5010
5523
5528
5531
5532
5533
5535
5538
5028
5540
5040
5043
5555
5560
5565
5058
5571
5572
5575
5578
5068
5069
5580
5583
5586
5590
5593
5089
5096
5610
5611
5100
5612
5104
5105
5617
5620
5625
5627
4605
5631
4609
5122
4099
4101
5125
5126
5128
4617
5130
5131
5134
4114
4627
4119
5144
4635
4637
4641
4648
5162
5163
5166
5172
5173
4662
5176
4153
5177
4667
5181
5183
4162
4674
4677
4167
4688
5202
5207
4185
4698
4699
5210
4700
4702
4190
5216
5217
4712
4713
5225
4717
5230
5231
4211
4725
4726
4215
5242
4095
4733
5247
4741
4743
4747
4750
5264
5265
5266
4752
5273
4253
5277
4767
5280
3746
4260
4772
4266
4778
5292
4781
3758
4270
4278
4791
4794
5308
4798
5314
4806
5320
4296
5322
4809
4298
4810
5326
5328
4306
4822
3800
4315
4827
4316
4830
4831
4832
4834
3811
5346
5351
3817
4841
4845
5358
4847
4336
3826
4854
5367
5369
4857
4860
4349
5376
4868
3847
4876
4365
5393
4884
5398
4375
4892
4894
5406
4895
4898
4899
4389
4909
4910
3888
4405
3896
4408
4921
3901
3902
3903
4929
3906
4930
4934
4425
4941
4429
4942
4431
4943
4945
4435
4950
4440
4445
4452
3941
4967
3944
3945
4968
4972
4465
4977
4982
4987
3966
4990
4992
4482
4995
3973
4486
3979
3986
5013
5015
4504
5017
5020
3997
4510
3999
5025
5024
5027
5032
4009
4521
4523
5038
4530
4542
4543
5053
5061
4552
4043
5071
5073
4052
5078
4567
4568
5081
4571
5083
5086
5088
4067
5091
4583
4585
4587
4589
5101
4082
4083
4094
5119
5524
5547
5594
3634
3863
5682
5691
4116
4313
4517
4720
4780
4916
5022
5133
5200
5221
5227
5236
5252
5267
5271
5276
5281
5287
5294
5304
5311
5315
5324
5331
5341
5349
5353
5361
5363
5371
5372
5375
5379
5380
5384
5386
5387
5389
5397
5400
5409
5410
5414
5413
5419
5421
5423
5424
5427
5428
5429
5437
5434
5432
5440
5441
5449
5452
5457
5456
5455
5453
5462
5459
5461
5463
5465
5469
5471
5472
5476
5473
5478
5482
5480
5479
5495
5489
5497
5500
5507
5506
5505
5504
5503
5508
5509
5511
5510
5513
5516
5518
5526
5525
5534
5537
5536
5541
5545
5544
5548
5543
5542
5546
5554
5552
5550
5556
5559
5561
5563
5568
5569
5573
5577
5576
5579
5581
5582
5591
5584
5588
5587
5592
5599
5600
5597
5596
5601
5609
5608
5613
5614
5615
5616
5618
5621
5623
5624
5626
5628
5629
5632
5634
5638
5646
5639
5645
5643
5651
5652
5653
5658
5657
5655
5660
5663
5665
5664
5666
5668
5669
5670
5673
5681
5696
5689
5690
5695
5692
5693
5694
5697
5698
5705
5704
5707
5709
5710
5716
5713
5717
5719
5720
5721
5722
5726
5727
5729
5733
5734
5735
5738
5737
5740
5742
5743
5745
5747
5748
5750
5751
5753
5754
5756
5758
5759
5760
5763
5765
5767
5771
5772
5773
5774
5782
5785
5788
5790
5800
5814
3584
3075
3588
3593
2057
3595
3596
2569
3084
3597
3600
3089
3094
3608
3609
3611
3100
3616
2597
3622
3110
3621
3112
2601
3624
3628
3120
3637
3638
3642
3133
3646
3645
3648
3649
3650
2623
3136
3653
3143
3657
3145
3146
3658
2636
3665
3156
3668
3670
3673
3163
2652
3677
3686
3177
3689
3691
3179
3693
3694
3690
3692
3697
3182
2671
3190
3703
3706
3197
2173
3199
3713
3715
3203
3722
2699
3212
3725
3727
3216
3730
3733
3735
3738
3739
3228
3741
3229
2213
2731
3244
3760
3248
3762
3251
3766
3255
3256
3261
3775
3776
3263
2240
2752
2754
3264
3779
3783
3784
3273
3787
3792
3280
2258
3282
3803
3294
3295
3808
3809
2788
3301
2793
3820
3311
3315
3828
3827
2805
2294
3319
3320
3834
3835
3325
2304
3841
2820
3334
3335
3850
3853
3856
3345
2834
3356
3870
2846
3360
3361
3362
3363
3368
3377
3378
3891
3381
3382
3385
3899
2877
2878
3905
2882
3394
3909
3912
3913
3402
2893
3410
3414
3415
2905
2394
3419
2910
3425
3428
3429
2919
2920
3434
3439
3449
3451
3452
3457
3458
3464
3466
3470
2961
2963
3479
3482
2973
3486
3490
3493
2987
3501
2990
2991
3503
3511
3514
2493
3517
3011
3523
3524
3016
2505
3529
3531
3024
3539
3029
3541
3543
3545
3548
3551
3039
3042
3555
3560
3048
3049
3564
3568
3057
3569
3571
2549
3574
3580
3583
4098
4610
4102
4104
4106
4621
4111
4112
4624
4625
4115
4626
4629
4631
4122
4126
4130
4644
4136
4137
4649
4139
4654
4144
4658
4660
4154
4666
4156
4168
4680
4681
4175
4176
4687
4178
4693
3674
4188
4189
3678
4701
4191
4192
3683
4707
4715
4208
4721
4212
3701
4727
4219
3711
4225
3714
4227
3716
4229
4231
3721
4238
4239
3734
4251
3744
3747
3749
4261
4264
4265
3754
3759
4274
4276
4280
3770
4289
4291
3781
4293
3788
3790
4302
3797
3798
4312
3805
4318
4322
4323
3812
4324
4325
3815
3822
3830
3831
4342
4347
4348
4350
3839
4353
3842
4356
4357
3851
3854
3857
3861
3864
4378
4382
4383
3872
3874
4386
4387
4388
4390
4393
3886
3887
3889
4403
3892
3894
3900
4412
3904
4418
4419
3908
3911
4423
4424
4426
4428
3918
3920
4432
3922
4436
3929
3930
3931
3938
4450
4454
3943
3946
4459
4460
3949
3953
3954
4466
4467
3958
4469
3960
3959
3961
4474
3964
4475
3971
4483
4485
3975
3977
3980
3981
3983
4498
4499
4500
3991
3992
4503
3993
4505
4507
4508
3998
4000
4513
4002
4004
4008
4520
4522
4013
4528
4017
4018
4021
4534
4023
4536
4027
4541
4030
4031
4032
4544
4034
4033
4036
4549
4551
4554
4558
4562
4563
4053
4057
4570
4059
4060
4061
4062
4573
4065
4066
4579
4582
4071
4072
4584
4586
4594
4595
4090
4604
1024
1025
509
517
1029
1034
1020
1037
1039
529
531
1046
2583
2073
538
539
1050
541
2592
2081
1574
1064
553
1069
564
566
1080
1595
572
577
579
580
581
582
1608
1609
1097
2637
2638
1102
1110
1114
602
606
1633
1121
2147
612
1126
1131
2669
622
624
1137
1138
2679
631
632
1656
639
640
2181
1671
650
651
1164
1165
656
1168
1682
661
662
1694
1695
1184
2720
674
1187
1188
2727
679
682
687
688
1713
2227
1716
692
2231
696
1211
700
1734
2762
718
1235
729
1242
734
735
736
1247
739
740
741
2792
745
749
750
1269
1273
762
1276
2301
1279
777
784
785
786
2836
1300
789
2327
1303
793
1818
1820
1313
804
805
809
810
2860
814
2352
822
1846
1338
2363
828
1855
1343
836
1348
840
841
842
844
851
2387
343
862
863
1378
2402
1384
872
1386
875
366
2928
880
882
1400
378
2427
890
892
894
899
900
901
391
1927
907
913
401
914
1426
1433
410
1434
1437
417
418
2470
2471
937
428
947
949
951
1465
2490
954
955
956
445
2498
450
964
963
1474
967
966
455
457
1483
971
1997
974
1998
1489
470
983
984
995
996
487
2539
492
1007
495
499
1015
1018
2556
1533
1536
2050
2563
1540
1542
1545
2570
2061
1550
1551
1553
1554
2579
1557
2586
2083
1061
1575
1577
1067
2093
2095
1584
1585
1075
1588
2612
1587
1591
2103
1593
1084
1599
1602
1605
1610
1099
2122
2643
2646
1623
1112
1119
1634
1638
2150
1128
1644
1646
1647
2162
1651
1140
1652
1658
1660
1149
1661
1155
1668
1675
2189
1167
1173
1688
1689
1177
2201
1692
1691
1182
2209
1699
1703
2215
2220
1709
1198
1201
1714
1203
1210
1214
1728
1729
1730
1224
2251
2253
1742
1231
1746
1747
1238
1753
1755
2267
1245
1758
1248
1251
1252
1253
1764
2276
1771
1260
1772
2287
1785
1275
1278
1791
1280
1285
1798
1293
1297
1809
1299
1812
1302
1814
1816
1817
1823
1312
2336
2337
1315
1317
2341
1319
1322
1326
1327
1328
1841
2350
1843
1844
1848
1340
1852
1344
1345
2370
1347
2371
2375
1352
1865
1356
1871
1874
1363
1877
1881
1882
1371
1372
1380
1381
1382
1896
1899
1388
1391
1904
1397
1398
2423
1912
1403
1405
1408
1409
1922
1411
1925
2437
2440
1929
1419
1423
1938
2455
1432
2457
1435
1436
1952
1443
1448
1450
1963
1453
1965
1456
2482
1459
1972
1975
1466
1472
1473
1987
1478
1479
1480
2506
1484
1488
2516
2523
1502
2014
1507
1509
2024
1513
2026
2027
1515
1516
2031
1521
1523
1529
2043
2564
2565
2052
2567
2053
2056
2571
2573
2578
2066
2584
2587
2077
2590
2078
2080
2594
2086
2599
2089
2091
2604
2605
2607
2096
2100
2616
2617
2107
2112
2626
2631
2119
2633
2120
2126
2639
2640
2127
2642
2129
2645
2648
2137
2650
2138
2142
2656
2145
2660
2148
2155
2667
2157
2670
2160
2673
2675
2166
2171
2172
2685
2686
2175
2688
2691
2180
2695
2183
2185
2187
2190
2191
2709
2714
2202
2716
2204
2205
2207
2208
2722
2723
2724
2214
2730
2218
2221
2222
2735
2224
2226
2740
2228
2232
2234
2750
2238
2239
2243
2756
2758
2245
2250
2769
2259
2772
2260
2263
2266
2268
2269
2782
2271
2270
2272
2786
2278
2791
2285
2800
2801
2290
2292
2295
2298
2299
2813
2303
2307
2308
2309
2821
2311
2315
2829
2317
2833
2321
2323
2324
2330
2331
2332
2845
2345
2346
2349
2351
2867
2358
2360
2364
2368
2372
2373
2374
2376
2378
2379
2380
1869
2383
2393
2395
2399
2403
2404
2405
2406
1895
2410
2412
2415
2419
1909
2424
2425
2429
2431
1920
2432
2434
2436
1930
2443
2444
1934
2453
2454
2459
2460
1949
2461
2462
2463
2464
2465
2467
2466
1960
2475
1969
1977
2491
2495
2497
1986
2499
2501
2502
1995
2508
2509
2511
2004
2005
2519
2009
2522
2524
2526
2528
2018
2530
2533
2534
2022
2537
2540
2029
2035
2550
2038
2042
2558
2559
2560
3074
3589
3078
3087
3088
3090
3603
3093
3095
3097
3098
3612
3102
3104
3108
2598
3114
3116
3626
2613
3128
3129
3641
3132
2622
3137
3139
3652
3141
2632
2635
3147
3149
3662
3152
3154
3158
3160
2649
3166
3169
3172
3181
3184
2674
3185
3186
3193
3194
3195
2692
3204
3206
2698
3210
2700
2701
2707
2708
3220
2710
2711
3221
3223
3226
3235
3236
3238
3241
3242
3247
2739
3252
2741
2745
2746
3262
3265
2755
3269
3277
2766
3278
3281
3283
2773
3287
2776
2778
2781
3293
2783
2785
3297
2789
3302
3305
3308
3312
2804
3316
2812
3323
2816
2817
2818
3324
2822
2825
2826
3337
3338
2831
3344
3348
2838
2839
2840
3353
3357
2853
2854
3365
2856
3367
2858
2864
2869
2871
2872
3384
3388
3391
3392
3393
2883
2885
2887
3398
2890
3403
2892
3404
2895
2385
2897
2899
2900
2902
2906
3422
2912
2913
2914
3423
2916
3424
2918
3430
2922
2923
3435
2926
3440
3441
3443
2937
2426
2940
2941
2945
2947
3463
2954
2955
2956
2957
3467
3469
2962
2965
2967
2968
3480
2970
2972
2976
3487
3489
2980
2981
2983
2985
3497
2993
3506
2996
2998
2999
3512
2489
3005
3007
3014
3526
3527
3530
3019
3020
3022
3026
3538
3028
3030
3542
2520
3032
3034
3035
3037
3038
3040
3553
3557
3051
3052
3054
2543
3570
3064
3065
3578
3068
3071
3072
3073
3077
3081
2572
3085
2575
2577
3092
3096
3099
3101
3103
3105
3107
3111
3113
3115
3117
3118
2610
3122
3126
2620
3134
3135
3138
2628
3140
3148
3150
3151
3069
3155
2644
3157
3162
3164
3165
3170
3171
2662
3174
3175
3176
2666
2668
3183
2672
3187
3188
3189
3191
3200
2690
3202
3205
2694
3207
3211
3215
3219
3224
2713
3225
2718
3230
3232
3233
3234
3239
3243
3246
2737
2738
3249
3253
3254
2743
3260
2751
3267
3268
2757
3270
3271
3274
3279
3285
3289
3290
2779
3292
3296
2275
2787
3299
2790
3304
3309
3310
2799
3313
3314
2803
2807
2808
3322
3326
2815
3328
3329
3331
3332
2828
3343
3349
3351
3352
2842
3359
2848
2849
2852
2857
3371
3372
3373
2863
3375
3379
3380
3383
2874
2875
3387
2367
2881
3396
3397
3400
2889
2894
3406
2896
3409
3411
3416
2904
2907
3420
3426
2915
2407
3431
2921
3438
2927
2929
2420
3444
2933
3447
3446
3448
2938
2942
3456
2944
3459
2948
2949
2950
2952
2959
2960
3473
2964
3477
2966
3476
2969
2458
2975
2977
2979
2468
3492
3491
2982
2984
3499
2989
2992
3505
2994
2995
3000
3001
3003
3004
3006
3521
3009
3010
3015
3017
3021
3023
3025
2514
3027
2521
3033
3036
3043
2532
3044
3046
3047
3050
3053
3058
3059
3061
3062
3066
2557
2049
2562
2054
2055
2568
2058
2059
2062
2574
2576
2580
2581
2070
2582
2585
2074
2588
2079
2591
2082
2551
2084
2596
2087
2600
2090
2602
2092
2606
2608
2609
2098
2099
2618
2619
2109
2621
2111
2624
2627
2116
2117
2121
2634
2123
2125
2641
2130
2647
2651
2141
2653
2143
2144
2654
2146
2655
2657
2658
2661
2151
2152
2663
2154
2665
2156
2161
2163
2676
2677
2680
2169
2683
2174
2687
2176
2178
2179
2693
2182
2696
2697
2188
2702
2703
2704
2194
2196
2199
2200
2203
2715
2206
2719
2721
2211
2212
2725
2726
2216
2217
2728
2729
2732
2733
2734
2225
2229
2230
2742
2236
2237
2748
2241
2246
1735
2247
2249
2759
2763
2764
2765
2254
2767
2256
2770
2771
2262
2774
2775
2265
2784
1761
2277
2279
2280
2282
2795
2284
2796
2797
2289
2802
1781
1782
2293
2296
2809
2810
2811
2300
2814
2310
1799
2823
2314
1803
2827
1806
2318
2319
2320
2832
2835
2837
2843
2844
2333
2334
2335
2851
1828
2340
1831
2343
2347
2861
2862
1840
2353
2355
2356
2357
2868
2359
2873
1851
1853
2365
1856
2886
2888
2377
2891
2381
2382
2384
2386
1876
2388
1878
2389
2901
2391
1884
1885
2396
2397
2398
1889
2908
2400
2909
1893
2911
2925
1903
1906
2931
2421
2422
1915
1916
2428
2943
2435
2438
2439
1928
2441
1932
2446
1936
1937
2448
2449
2456
1945
1947
1950
1951
1959
2472
2474
2476
1967
2479
2481
2484
2487
2488
1981
1982
1983
2494
1985
1988
1989
1991
1992
2503
2504
2507
1999
2512
2003
2515
2517
2518
2008
2017
2529
2019
2020
2021
2535
2025
2538
2541
2542
2032
2546
2547
2036
2037
2039
2553
2554
2555
2044
1538
2051
1539
1541
1547
2060
2063
2065
1555
2068
2071
2075
1564
1565
1567
1568
1571
2085
1573
2088
1578
1580
1583
2101
2102
1590
2104
2106
1597
1598
1600
1601
2114
2115
1603
1607
2124
1614
1615
1618
2131
2132
1622
2136
2139
2140
1629
1635
1636
2149
1639
1641
1642
2158
2159
1648
1650
2164
2165
1654
2168
2170
1662
1665
1666
1667
1669
2184
1673
1674
1676
1677
1678
1685
2198
1686
1693
1698
1702
1708
1711
1712
1715
1717
1719
1720
1725
1727
1733
1736
1740
1743
1744
1748
1749
1752
1756
1760
1762
1763
1766
1767
1769
1770
1776
1779
1780
1786
1787
1788
1789
1790
1792
1795
1800
1801
1804
1805
1298
1811
1813
1304
1305
1819
1821
1310
1824
1316
1829
1830
1833
1834
1835
1836
1837
1842
1334
1335
1849
1850
1341
1342
1857
1860
1349
1861
1862
1866
1867
1870
1873
1875
1879
1373
1886
1375
1887
1377
1888
1890
1383
1898
1900
1389
1902
1394
1907
1910
1911
1913
1914
1918
1410
1923
1412
1413
1924
1415
1926
1931
1421
1427
1941
1944
1946
1439
1953
1954
1956
1962
1452
1964
1455
1968
1458
1973
1463
1976
1468
1980
1984
1475
1990
1487
2000
2001
1491
1494
1495
2007
1497
2011
2012
1501
2015
2016
1510
2028
2030
1519
2034
1525
1526
2040
2041
1530
1531
2046
1027
1030
1031
521
1033
1035
1036
1043
1044
536
1048
1051
1052
1055
544
1056
1057
551
1065
1066
1068
559
1071
1072
1073
1076
565
571
1085
1088
1093
583
1095
1098
587
591
592
1103
1104
1106
596
1108
1111
600
1113
1117
1118
1120
609
610
614
615
1130
620
1133
1134
1135
1136
625
628
1144
1145
634
635
636
1150
1151
1152
1154
644
648
649
1160
1161
654
655
1166
1169
658
659
660
1172
1175
664
1176
666
1183
1186
675
677
680
1192
1193
683
1194
1196
686
1197
1202
691
1204
1207
697
699
704
705
1216
1219
1220
710
1225
715
1228
717
1230
720
1232
1234
724
725
1237
727
731
732
737
1249
1250
743
746
747
748
752
753
1264
1265
1267
1268
1270
760
763
1277
767
772
773
775
776
779
782
783
787
790
794
795
802
803
806
811
812
816
818
820
823
824
826
832
834
837
839
845
850
854
857
859
868
870
873
874
877
878
879
881
883
886
887
891
893
897
898
904
905
910
915
918
922
925
926
927
930
933
935
938
939
940
941
950
952
960
961
965
968
970
972
976
981
986
988
989
990
991
997
999
1003
1004
1009
1011
1012
1013
1017
1021
2048
1537
1544
1548
1549
2064
2067
1556
1558
1560
1561
1562
1563
2076
1569
1570
1572
1535
1581
2094
1586
1589
1592
1594
2108
2110
1604
1611
1612
1613
2128
1620
1621
2133
1624
1625
1627
1628
1630
1632
1637
2153
1643
1645
1653
1655
2167
1657
1664
1670
1672
1679
1680
2192
2193
1696
1697
2210
1700
1704
1706
1707
2219
1710
2223
1721
1722
1723
1724
2233
1726
2242
1731
1732
2244
1222
1738
1739
1233
1745
1240
2264
1244
1757
2273
2274
1765
1254
1258
2283
1261
1773
1262
2288
1263
1774
1777
1783
1272
1784
2297
1274
1281
1282
1283
1793
1794
1796
1288
2313
1802
1294
1807
1296
2326
2328
1306
1307
1309
1822
1825
1826
1318
2344
1321
1320
2348
1838
1329
1331
1332
1333
1845
1847
1336
1339
1854
1858
1350
1351
1863
1358
1360
1366
2390
1367
1368
1880
1376
1379
1891
1892
1894
2411
1387
2413
1390
2414
2416
2417
2418
1901
1392
1393
1905
1399
1395
1404
1917
1406
1921
1414
1416
1418
2442
1420
2445
2447
1424
2450
1939
1428
1940
1942
1431
1948
1438
1440
1441
1955
1447
2473
1451
2477
2480
1457
1971
1461
1974
1464
1467
1979
1470
1477
1481
1482
1485
2510
1486
2513
2002
1493
2006
1496
1498
1499
1500
2010
2013
1505
1506
1508
1512
1514
1517
1520
2545
2033
1528
2047
2561
514
1543
520
3082
1552
533
534
1045
1047
2072
1053
3106
3109
550
1063
554
555
556
2603
1582
562
563
2615
570
1596
576
1089
2625
1091
1094
2630
584
3142
586
1101
1107
1619
598
2135
3161
1626
611
1123
1124
2659
2664
617
619
621
623
1649
626
627
1141
2678
633
1148
1663
2177
642
643
2689
645
1159
2706
2195
1174
2712
665
671
673
676
1189
1705
685
1199
1200
689
2736
1205
694
1206
2744
698
2235
2753
709
711
712
2761
1229
1741
721
726
730
1243
2780
1759
738
742
744
2281
2794
1259
2798
1775
758
1271
761
764
2302
769
771
2819
2312
1289
2824
781
2322
788
791
792
2329
796
1311
2847
1314
1827
2339
2850
2855
1832
1325
815
1839
2865
819
821
1337
2362
827
2876
831
2879
833
1346
835
838
1354
847
849
852
2903
1370
1883
860
864
865
2409
2930
884
2934
2935
2936
1401
1402
1919
2433
2953
1417
1933
912
916
917
1429
1943
921
2971
924
2974
1442
932
934
2988
942
1966
944
1970
2483
948
2485
1462
2486
2997
3002
2492
957
962
3012
460
1996
464
979
1492
3031
472
1503
485
3045
998
488
1000
2536
494
3055
1006
1518
1008
2544
1010
1524
3060
1014
2552
507
508
510
513
1026
515
516
1032
1546
524
526
1038
1040
1041
1042
2069
1559
542
1054
2593
1058
547
548
549
1059
1060
1534
1576
1579
558
1070
1074
1078
568
1081
1082
1083
2105
1087
2113
1090
2629
2118
585
1100
589
590
1105
594
1617
1109
2134
603
1115
1116
1122
616
1129
1640
1132
1139
629
630
1142
1146
1147
1659
638
1156
1157
1158
647
1162
1163
653
2186
1170
1171
1683
2197
663
1687
1178
1179
668
669
1690
672
1185
1191
1195
684
1718
695
1208
1212
1213
1215
1217
1218
1221
1223
713
714
1226
716
1227
719
2248
2255
1236
2261
1750
728
1239
733
1246
1255
751
1778
755
756
2291
759
766
2305
2306
1284
1797
774
1286
1287
1290
1291
780
1295
1808
1301
1815
1308
797
798
799
2342
808
1324
813
817
825
2361
2369
1859
1868
1357
846
848
1361
853
1364
1365
2392
1369
1374
866
867
2401
869
2408
1385
1897
876
1396
1908
888
2430
895
896
903
906
909
1422
911
1935
1425
2451
920
923
1444
1445
1957
2469
936
1449
430
432
946
1460
439
953
1978
958
447
959
1469
2500
969
1993
975
978
1490
469
471
985
475
987
992
993
482
2531
2023
1001
1002
493
2548
1527
1016
1019
1532
2045
1022
511
