5714
5715
5744
5746
5749
5757
5761
5766
5769
5775
5776
5780
5781
5783
5786
5793
5796
5798
5799
5806
5807
5810
5817
5818
5823
5824
5830
5832
5835
5840
5841
5846
5849
5853
5859
5860
5863
5869
5870
5875
681
722
994
1028
1079
1810
1872
1958
2898
2924
2939
3258
3276
3300
3483
3488
3572
3634
3804
3863
4116
3626
3652
3662
3678
3683
3701
3716
3721
3734
3754
3759
3770
3797
3805
3831
3839
1599
1623
1658
1660
1675
1691
1714
1728
1730
1747
1764
1771
1772
1785
1812
1814
1817
1823
1843
1844
1848
1865
1871
1874
1877
1882
1899
1909
1912
1925
1929
1934
1938
1952
1963
1965
1975
1977
1987
2005
2014
2022
2024
2027
2031
2042
2050
2053
2083
2086
2089
2093
2103
2112
2122
2137
2142
2145
2155
2162
2183
2190
2191
2201
2207
2208
2215
2226
2232
2234
2250
2253
2259
2266
2267
2269
2271
2287
2298
2299
2303
2308
2309
2323
2324
2330
2331
2336
2337
2358
2360
2364
2370
2371
2372
2373
2379
2383
2395
2399
2410
2412
2415
2423
2424
2431
2440
2443
2453
2454
2459
2460
2461
2467
2475
2491
2499
2506
2509
2511
2516
2519
2522
2526
2534
2550
2558
2565
2584
2586
2587
2594
2617
2639
2650
2656
2667
2670
2673
2675
2685
2686
2688
2691
2695
2709
2714
2716
2722
2723
2724
2730
2735
2739
2740
2750
2756
2758
2769
2772
2781
2782
2785
2786
2791
2800
2801
2812
2813
2818
2821
2825
2829
2833
2839
2845
2853
2858
2864
2867
2869
2872
2885
2887
2897
2900
2906
2913
2914
2918
2922
2926
2937
2945
2956
2957
2962
2965
2967
2980
2983
2985
2993
2996
2998
2999
3020
3022
3028
3030
3038
3040
3052
3054
3074
3078
3093
1712
1743
1752
1762
1769
1779
1780
1786
1792
1800
1801
1811
1819
1824
1829
1830
1837
1842
1860
1861
1862
1867
1873
1886
1888
1895
1898
1907
1910
1914
1918
1920
1924
1926
1944
1946
1949
1956
1960
1964
1968
1969
1976
1984
1986
1995
2000
2007
2009
2012
2016
2018
2028
2029
2035
2038
2041
2046
2051
2052
2056
2060
2063
2066
2077
2080
2085
2088
2091
2096
2100
2102
2107
2115
2119
2120
2124
2126
2127
2129
2136
2138
2140
2148
2149
2158
2160
2166
2170
2171
2172
2175
2180
2184
2185
2187
2198
2202
2204
2205
2214
2218
2221
2222
2224
2238
2239
2243
2245
2260
2263
2270
2272
2278
2290
2295
2315
2321
2351
1748
1756
1760
1766
1767
1770
1787
1788
1789
1790
1805
1806
1813
1821
1833
1834
1835
1836
1850
1853
1857
1866
1870
1875
1876
1878
1879
1890
1893
1900
1902
1903
1906
1911
1913
1915
1916
1923
1931
1932
1941
1945
1947
1951
1953
1954
1959
1962
1967
1973
1980
1981
1982
1985
1991
1992
2001
2003
2008
2011
2015
2017
2019
2020
2025
2030
2034
2037
2040
2044
2049
2055
2058
2059
2065
2068
2070
2071
2074
2084
2087
2090
2099
2101
2104
2114
2117
2121
2123
2130
2131
2132
2139
2141
2144
2146
2156
2159
2161
2165
2168
2174
2176
2179
2188
2196
2200
2211
2225
2230
3008
3192
3250
3333
3339
3342
3355
3407
3453
3513
3559
3605
3655
3656
3676
3680
3707
3757
3764
3767
3818
3869
3878
3882
3919
3984
4001
4006
4045
4088
4131
4134
4183
4245
4258
4320
4331
4371
4377
4415
4416
4427
4453
4464
4493
4514
4518
4526
4532
4557
4559
4572
4598
4599
4603
4607
4615
4632
4639
4642
4653
4663
4668
4672
4673
4679
4682
4690
4711
4719
4724
4737
4746
4749
4763
4765
4779
4797
4803
4808
4816
4836
4849
4865
4883
4887
4908
4949
4963
4736
3076
4358
4870
3592
4362
4875
2830
4494
3471
3729
4881
4755
4882
3860
3474
3481
3610
4891
3868
3614
4638
3615
4766
4897
4771
4775
3240
4651
3627
4269
3500
4783
2478
2866
4917
4792
4793
4922
4538
4284
3389
4927
4928
4421
4678
3067
4040
4684
4812
4044
4817
4824
3167
4704
4961
4835
3173
2917
4843
4588
4973
4077
4210
4850
4728
4858
4731
4479
4794
4813
4845
4847
4851
4860
4872
4876
4884
4892
4895
4899
4902
4909
4911
4919
4921
4934
4940
4942
4943
4945
4946
4948
4960
4966
4970
4977
4981
4982
4987
4988
4990
4995
4997
4999
5004
5008
5019
5024
5025
5027
5032
5033
5034
5038
5042
5045
5051
5060
5066
5070
5075
5078
5082
5083
5086
5088
5090
5091
5094
5098
5103
5107
5115
5119
5125
5126
5127
5132
5134
5140
5148
5160
5162
5163
5166
5169
5173
5177
5191
5200
5202
5204
5210
5216
5217
5227
5236
5242
5247
5252
5264
5266
5267
5281
5292
5294
5304
5308
5324
5328
5331
5346
5363
5372
5387
5397
5414
5437
5465
5473
5505
5536
5376
5393
5525
5398
5271
5413
5546
5168
5427
5429
5432
5441
5314
5457
5463
5239
5471
5351
5358
5495
5503
204
218
225
226
235
257
259
261
266
273
275
286
295
302
309
313
316
317
322
336
340
341
342
350
353
359
362
365
370
377
379
381
390
393
396
405
406
409
412
419
423
424
425
434
439
441
447
453
454
460
464
472
475
482
485
488
490
493
494
507
508
510
514
520
524
526
533
534
542
550
554
555
556
558
562
563
568
570
576
584
586
590
598
603
611
616
617
621
623
627
633
642
643
645
647
653
665
669
671
673
676
685
689
694
695
698
711
714
719
726
730
738
742
744
751
758
759
761
764
766
769
771
781
788
791
792
797
808
813
815
827
831
833
835
846
847
849
852
853
860
865
866
884
895
896
906
911
912
916
917
920
921
924
932
934
944
946
959
969
975
993
998
1000
1006
1008
1010
1016
1019
1026
1040
1045
1047
1060
1074
1082
1083
1091
1094
1101
1107
1115
1123
1142
1146
1158
1199
1221
1229
1271
1301
1402
1490
518
1162
1422
399
403
535
1690
1532
796
1308
543
416
1314
1442
1445
1579
1324
1325
1582
1839
1200
429
942
819
432
1205
821
948
1462
829
957
706
1218
708
709
1346
838
712
962
1226
451
588
721
467
979
1492
599
1626
1374
607
864
1255
489
619
1259
626
1396
1524
1527
504
1401
1148
348
374
388
395
415
422
427
433
442
449
452
462
473
474
477
483
491
498
502
506
511
513
515
521
522
523
530
536
540
544
546
547
548
549
551
559
560
565
567
571
575
583
585
587
589
591
592
594
595
600
609
610
614
615
620
625
628
629
630
634
635
636
638
644
648
654
658
659
660
663
664
666
668
672
675
677
680
683
686
691
699
704
705
710
713
716
717
720
724
725
727
728
731
732
743
746
747
752
755
756
760
763
772
773
774
775
776
780
782
787
790
794
798
799
802
812
817
820
823
825
832
837
845
848
850
859
869
870
874
876
878
883
887
888
891
898
903
904
910
918
923
927
935
940
941
952
953
970
978
990
1002
1041
1027
1030
1032
1163
1036
909
1038
1166
1042
1043
1054
1185
1059
933
936
1066
1068
1076
437
1078
958
960
1090
1109
469
1113
986
987
991
992
997
1001
1130
1003
1009
1022
1147
1217
1223
1227
1284
1286
1287
1291
1295
1357
1360
1361
1364
1365
1369
1416
1420
1425
1428
1440
1441
1444
1449
1451
1457
1460
1464
1469
1481
1485
1486
1493
1496
1499
1505
1506
1514
1517
1528
1534
1537
1546
1556
1558
1559
1560
1561
1562
1570
1572
1576
1586
1592
1611
1613
1620
1621
1624
1625
1627
1628
1632
1640
1643
1645
1655
1659
1664
1670
1672
1679
1683
1696
1697
1700
1704
1706
1710
1721
1722
1723
1724
1726
1731
1732
1735
1739
1745
1750
1757
1761
1765
1773
1774
1777
1778
1782
1783
1784
1793
1794
1796
1799
1802
1807
1815
1822
1825
1826
1831
1838
1840
1845
1847
1851
1854
1858
1863
1868
1880
1884
1885
1889
1891
1892
1894
1901
1905
1908
1917
1921
1928
1937
1939
1940
1942
1948
1950
1955
1957
1971
1974
1979
1983
1988
1993
1999
2002
2006
2010
2013
2021
2032
2033
2039
2045
2047
2048
2054
2062
2064
2067
2076
2079
2082
2092
2094
2108
2109
2110
2111
2113
2125
2128
2133
2134
2143
2151
2153
2154
2167
2169
2178
2182
2192
2193
2194
2197
2199
2203
2206
2210
2212
2216
2219
2223
2229
2233
2236
2237
2241
2242
2244
2246
2247
2249
2254
2255
2256
2264
2265
2273
2274
2277
2279
2280
2282
2283
2284
2288
2289
2291
2293
2296
2297
2300
2310
2313
2314
2318
2319
2320
2326
2328
2333
2334
2335
2340
2342
2343
2344
2347
2348
2353
2355
2356
2357
2359
2365
2369
2377
2381
2382
2384
2386
2388
2389
2390
2391
2392
2396
2397
2398
2400
2408
2411
2413
2414
2416
2417
2418
2421
2422
2428
2435
2438
2439
2441
2442
2445
2446
2447
2448
2449
2450
2451
2456
2472
2473
2474
2476
2477
2479
2480
2481
2484
2487
2488
2494
2503
2504
2507
2510
2512
2513
2515
2517
2518
2529
2535
2538
2541
2542
2545
2546
2547
2551
2553
2554
2555
2562
2568
2574
2576
2580
2582
2585
2588
2591
2596
2600
2602
2608
2609
2618
2619
2621
2624
2627
2634
2641
2647
2651
2654
2655
2657
2658
2661
2663
2680
2696
2697
2702
2721
1281
1282
1156
1157
1296
1424
1170
1171
2581
1178
1179
1306
1309
1318
1191
1320
1195
2606
1329
1332
1208
1336
1213
1222
1350
1358
1105
1233
1236
1239
1367
1368
1116
2653
1244
1246
1122
1379
2665
1129
1258
1132
1262
1263
1392
1393
1395
2548
2677
1274
1404
1406
1209
1266
1476
1522
1566
1606
1631
1684
1754
1994
2252
2257
2286
2294
2304
2338
2452
2566
2614
2652
2671
2682
2684
2747
2760
2859
2877
2884
2910
2932
2951
2978
3018
3024
3048
3079
3094
3123
3127
3131
3136
3159
3163
3190
3209
3229
3231
3248
3256
3272
3280
3282
3284
3294
3303
3334
3335
3345
3360
3361
3362
3369
3376
3381
3382
3394
3414
3415
3425
3429
3437
3442
3451
3452
3457
3464
3466
3486
3490
3496
3501
3502
3523
3524
3529
3539
3541
3545
3548
3550
3555
3558
3564
3569
3571
3583
3588
3596
3597
3608
3609
3618
3621
3624
3628
3632
3645
3648
3650
3653
3658
3665
3668
3685
3686
3690
3692
3712
3722
3725
3730
3739
3753
3779
3784
3786
3800
3807
3809
3827
3847
3852
3902
3906
3923
3941
3944
3945
3966
3999
4014
4043
4080
4094
4099
4101
4119
4162
4167
4253
4260
4296
4298
4306
4375
4389
4429
4431
4435
4440
4482
4510
4523
4571
4585
4589
4617
4635
4641
4662
4688
4700
3713
3979
4114
3986
3997
3746
4263
4009
4266
3758
3888
3762
4530
3766
3896
3899
3901
4542
3903
4567
4568
4315
4445
4190
3811
3939
4712
3689
3817
3826
4082
3828
4083
3703
3706
4349
4095
3389
3471
3474
3475
3481
3484
3500
3518
3540
3547
3581
3592
3610
3614
3615
3623
3627
3639
3667
3702
3729
3745
3751
3755
3763
3778
3796
3810
3819
3845
3846
3860
3868
3897
3924
3932
3942
3962
3982
4025
4040
4044
4063
4077
4084
4140
4179
4206
4210
4233
4236
4269
4284
4326
4330
4339
4358
4362
4385
4421
4443
4472
4473
4476
4479
4494
4525
4537
4538
4560
4575
4588
4593
4622
4628
4634
4638
4651
4664
4676
4684
4689
4709
4728
4745
4754
4768
4769
4771
4773
4775
4783
4801
4812
4823
4825
4840
4843
4848
4858
4859
4870
4880
4881
4882
4891
4907
4917
4923
4924
4927
4928
4938
4944
4951
4954
4957
4958
4961
4969
4973
4975
4986
4993
4994
5007
5011
5012
5026
5031
5039
5041
5046
5048
5049
5050
5055
5056
5062
5065
5067
5074
5077
5080
5087
5097
5106
5110
5111
5113
5116
5118
5129
5135
5136
5137
5138
5139
5145
5152
5153
5156
5159
5165
5170
5175
5179
5182
5184
5185
5187
5192
5194
5196
5198
5201
5208
5209
5211
5213
5218
5219
5220
5226
5229
5235
5237
5244
5245
5246
5249
5250
5251
5253
5257
5258
5259
5260
5261
5263
5272
5275
5278
5279
5284
5286
5289
5293
5296
5297
5299
5300
5301
5302
5303
5305
5310
5318
5319
5321
5325
5327
5330
5332
5333
5334
5337
5338
5345
5350
5354
5356
5357
5360
5362
5370
5373
5374
5377
5378
5381
5382
5388
5391
5394
5396
5403
5405
5408
5412
5417
5425
5435
5439
5460
5464
5466
5467
5494
5499
5502
5512
5519
5520
5539
5549
5551
5557
5562
5574
5585
5595
5603
5605
5619
5630
5640
5644
5650
5674
5680
5684
5687
5718
5723
3076
3333
3339
4493
4749
2830
3342
3984
4371
5268
4245
3605
4887
4632
4377
4763
3355
3869
4001
4258
4131
4514
4642
4134
3878
3240
4006
3882
3757
2478
4526
2866
3250
3764
3767
3513
4668
4415
4416
4672
3008
4803
3655
3656
4427
4557
4045
4559
3407
3919
4183
4088
3707
4572
3676
5214
3167
4320
3680
4963
4453
2917
4711
3173
5224
3559
4331
3818
4464
4849
4598
3192
3067
3453
93
116
124
148
159
167
188
195
207
230
240
255
262
277
280
301
332
335
346
347
360
361
435
443
444
446
458
461
466
503
557
561
569
574
597
604
641
652
670
690
703
723
768
830
856
858
871
889
902
908
931
977
1086
1092
1125
1180
1257
1353
1362
1407
1430
1454
1471
1511
1616
1751
1961
2325
2354
2366
2478
2525
2589
2595
2611
2705
2717
2777
2806
2830
2866
2917
2946
3067
3070
3076
3080
3083
3091
3121
3153
3167
3173
3218
3240
3321
3327
3592
3605
4632
1049
3610
3614
4638
3615
4642
4131
4134
1062
4651
3627
4668
4672
3655
3656
4684
4183
3676
3680
4711
4210
3192
4728
3707
4749
3729
4245
4763
4258
4771
4775
4269
3757
4783
3250
3764
3767
4284
702
4803
4812
4320
3818
4331
4843
4849
4858
3333
4358
4870
4362
3339
1292
3342
4881
4882
4371
3860
4887
4377
4891
3868
3869
3355
3878
3882
4917
3389
4415
4416
4927
4928
4421
1864
4427
3407
3919
861
4961
4963
4453
4973
4464
3453
4479
4493
4494
3471
3984
3474
3481
4001
4514
1446
4006
3500
4526
3513
4538
3008
4040
4044
4557
4045
4559
4572
3559
4588
4077
4598
4088
909
933
936
958
960
986
987
991
992
997
1001
1003
1009
1022
1027
1030
1032
1036
1038
1042
1043
1052
1054
1058
1059
1066
1068
1070
1076
1078
1081
1088
1090
1095
1100
1105
1106
1109
1113
1116
1122
1129
1130
1132
1133
1135
1139
1150
1156
1157
1163
1166
1170
1171
1176
1178
1179
1183
1185
1191
1195
1197
1208
1212
1213
1220
1222
1225
1233
1236
1239
1240
1244
1246
1258
1261
1262
1263
1272
1274
1281
1282
1283
1296
1306
1307
1309
1318
1320
1321
1329
1332
1333
1336
1350
1358
1366
1367
1368
1379
1387
1392
1393
1395
1404
1406
1424
1546
1041
2067
1556
1558
1559
1560
1562
1570
549
551
1576
2113
585
589
591
592
594
1620
1621
2134
1624
1627
1628
1632
1640
1136
625
628
629
630
1659
1147
636
638
1683
2197
663
664
1175
666
668
672
680
1704
1706
683
2233
699
1723
1724
1726
1216
1217
1732
710
1223
713
1227
716
720
725
1750
728
732
1254
743
746
752
1777
1778
2291
755
756
760
1284
773
774
1286
776
1287
1802
1291
780
782
1295
1807
787
1815
794
798
799
1825
802
812
1838
817
820
823
825
832
837
1868
845
1357
848
1360
850
1361
1364
1365
1369
859
1891
869
870
874
876
878
883
1908
887
888
891
898
903
904
1416
1420
910
1425
1939
1428
918
923
1948
927
1440
1441
1444
1957
935
1449
1451
940
941
1457
1460
952
953
1464
1469
1481
970
1993
1485
1486
978
1493
1496
1499
990
1505
1506
1002
1514
1517
1528
2045
1534
949
1024
1037
1102
1121
1138
1184
1188
1211
1242
1269
1279
1299
1300
1326
1338
1345
1378
1384
1405
1409
1426
1436
1443
1473
1483
1484
1489
1516
1523
1533
1550
1557
1575
1605
1609
1633
1652
1661
1668
1688
1703
1716
1729
1734
1753
1798
1816
1846
1852
1855
1881
1904
1922
1972
1997
2026
2043
2061
2095
2147
2150
2181
2189
2209
2251
2276
2301
2327
2341
2350
2375
2385
2387
2426
2427
2455
2457
2470
2482
2489
2490
2520
2523
2543
2556
2560
2563
2570
2592
2598
2612
2613
2622
2632
2635
2638
2643
2649
2674
2692
2700
2701
2707
2708
2710
2711
2746
2755
2766
2773
2776
2778
2783
2804
2816
2822
2826
2840
2854
2856
2871
2883
2895
2916
2923
2947
2954
2970
3005
2817
900
1029
1285
1034
1039
1167
2831
1182
2720
1317
937
1067
2860
1069
1201
1075
1203
951
2745
954
955
1084
964
1097
2890
1099
971
1231
2899
1238
2902
1114
2912
1380
1253
1128
2792
1007
1140
2679
1018
1020
1149
4939
4976
4978
4998
5002
5016
5018
5023
5029
5030
5035
5036
5044
5047
5052
5054
5057
5063
5064
5072
5076
5079
5084
5092
5093
5095
5099
5102
5108
5109
5114
5117
5120
5124
5141
5142
5143
5147
5150
5155
5157
5161
5167
5174
5180
5186
5189
5193
5203
5214
5215
5224
5232
5234
5248
5268
5270
5282
5129
5136
5137
5138
5139
5145
5152
5153
5156
5159
4140
5170
5175
5179
5184
5185
5187
5192
5194
5196
5198
5201
5208
5209
5211
5213
5218
5219
5223
5226
5229
4206
5235
5244
5245
5246
5249
5250
5251
5253
5255
5256
4233
5257
5258
5259
5260
5261
5272
5275
5278
5279
5284
5286
5289
5293
5296
5297
5299
5300
5301
5302
5303
5305
5310
5319
5321
5325
5327
5330
5332
5333
5334
5337
5338
5345
4326
5350
4330
5354
5356
5357
5360
5362
5370
5373
5374
5377
5378
5381
5382
5388
5391
5394
5396
5403
5405
5408
5412
5417
5425
5435
5439
5460
5464
5466
4443
5467
5494
4473
5499
4476
5502
5512
5519
5520
5539
5549
5551
5557
4537
5562
3518
5574
4560
5585
3540
5595
3547
5603
5605
4593
5619
3581
5630
5640
5644
5650
4628
5674
5680
5684
5687
4664
4676
5718
5723
3702
4754
4768
4769
4773
3755
4823
3819
4859
3845
4880
4886
4905
4907
4912
4918
4923
4924
4925
4931
4935
4937
4938
4944
4947
4953
3932
4959
4962
4965
4979
4980
4983
4985
4986
3962
4991
4994
5005
5006
5007
5009
5012
5014
5026
5031
5046
5049
5055
5056
5062
5067
5074
5077
5080
5087
4063
5097
5106
5110
5113
5116
5118
972
1011
1044
1051
1073
1085
1098
1111
1120
1134
1145
1152
1154
1160
1172
1186
1192
1194
1196
1202
1204
1219
1228
1234
1237
1245
1249
1260
1264
1268
1270
1275
1277
1278
1297
1302
1305
1310
1312
1316
1322
1328
1340
1341
1342
1344
1347
1349
1356
1363
1371
1381
1382
1383
1389
1391
1394
1397
1403
1408
1411
1419
1421
1423
1427
1432
1435
1439
1448
1450
1453
1456
1459
1466
1468
1472
1475
1478
1479
1480
1487
1488
1501
1502
1507
1509
1510
1513
1515
1519
1521
1529
1536
1538
1540
1545
1547
1553
1554
1555
1568
1580
1583
1584
1587
1588
1590
1591
1600
1602
1615
1622
1629
1638
1639
1644
1646
1647
1650
1662
1666
1667
1674
1685
1689
1692
1698
1699
1717
1742
1744
1746
1791
1280
1155
1033
1161
1293
1173
1304
1055
1056
1057
1315
1319
1065
1198
1210
1214
1224
1352
1103
1104
1232
1108
1112
1372
1248
1251
999
1388
1265
1267
1151
3670
3677
3689
3693
3697
3703
3706
3713
3714
3715
3727
3733
3735
3738
3741
3746
3747
3749
3758
3760
3762
3766
3775
3776
3781
3783
3787
3788
3792
3798
3803
3808
3811
3812
3815
3817
3820
3826
3828
3830
3834
3835
3841
3842
3850
3851
3853
3854
3856
3861
3870
3874
3887
3888
3889
3891
3892
3896
3899
3901
3903
3904
3905
3909
3911
3912
3913
3920
3930
3931
3943
3954
3959
3960
3961
3973
3975
3977
3979
3980
3986
3991
3993
3997
4002
4009
4013
4023
4030
4031
4033
4052
4053
4061
4062
4066
4067
4071
4082
4083
4090
4095
4098
4111
4112
4114
4122
4130
4136
4144
4153
4175
4176
4185
4188
4189
4190
4208
4211
4215
4219
4229
4239
4251
4265
4266
4270
4276
4278
4280
4302
4312
4316
4325
4336
4342
4348
4349
4365
4382
4388
4390
4405
4408
4423
4425
4426
4428
4445
4452
4460
4465
4467
4475
4486
4498
4504
4508
4513
4521
4541
4543
4552
4554
4567
4583
4584
4587
4594
4609
4627
4629
4637
4667
4677
4482
4099
3588
4101
3334
3847
3722
3466
3596
3597
3725
3345
4119
3608
3609
4635
3739
3486
3360
4641
3490
4260
4389
3624
4523
3628
3501
3645
3648
3650
3779
3394
3653
3906
3524
4296
3784
4298
3529
4688
3665
4435
3668
3539
3414
3415
3800
3541
4571
4700
3809
3425
3555
3941
3686
3944
3945
3690
3692
3564
3569
3827
3571
4094
3452
3966
3583
2749
2880
2986
3130
3198
3214
3257
3364
3370
3408
3427
3478
3510
3520
3536
3577
3582
3625
3647
3695
3710
3723
3726
3768
3844
3928
3939
3968
3969
3989
3995
4041
4181
4263
4273
4315
4317
4359
4370
4407
4417
4463
4519
4530
4542
4568
4601
4605
4613
4645
4661
4699
4702
4705
4712
4713
4718
4750
4789
4795
4798
4810
4827
4832
4841
4846
4854
4857
4861
4863
4867
4868
4894
4896
4898
4910
4929
4930
4932
4941
4950
4955
4964
4967
4972
4989
4992
4996
5003
5010
5013
5015
5017
5020
5028
5040
5053
5061
5068
5071
5073
5081
5089
5096
5100
5101
5104
5105
5122
5123
5131
5144
5146
5151
5154
5171
5190
5195
5199
5206
5228
5238
5254
5269
5295
5317
5368
5369
5128
5265
4375
5274
4253
5277
3999
5280
5283
4014
5298
5172
5176
5181
5309
5183
5312
4167
5322
3786
5326
4431
3923
5207
5339
5212
5343
5347
4589
5230
5231
5359
4080
5364
5241
5243
1148
1162
1200
1205
1218
1226
1255
1259
1308
1314
1324
1325
1346
1374
1396
1401
1422
1442
1445
1462
1492
1524
1527
1532
1579
1582
1617
1619
1626
1663
1687
1690
1705
1759
1797
1808
1827
1839
1859
1883
1897
1933
1935
1970
1978
1996
2023
2069
2072
2105
2118
2135
2186
2248
2261
2275
2281
2302
2306
2322
2329
2339
2367
2401
2407
2420
2458
2468
2483
2485
2492
2514
2532
2536
2544
2557
2572
2575
2610
2625
2630
2644
2664
2666
2678
2694
2712
2718
2736
2737
2751
2761
2779
2790
2798
2808
2819
2824
2848
2863
2874
2876
2879
2881
2903
2921
2933
2936
2938
2944
2948
2974
2989
3001
3006
3009
3010
3031
3053
3055
3058
3059
3061
3069
3101
3107
3109
3113
3115
3118
3134
3155
3162
3170
3171
3174
1026
526
1040
2577
1047
542
2593
1060
558
562
1074
568
1082
1083
2620
1091
2628
1094
584
1101
590
1107
603
1115
611
1123
2662
616
617
2668
1142
1146
645
1158
647
653
665
669
673
685
1199
694
695
1221
714
1229
719
726
730
738
751
758
759
1271
761
766
781
788
1301
791
792
797
808
813
815
2361
833
846
849
852
853
860
865
866
884
1402
2430
895
896
906
911
912
916
917
920
921
932
2469
944
946
959
969
975
1490
2521
993
2531
998
1000
493
1006
1008
1010
1016
1019
508
3684
3699
3728
3772
3773
3780
3782
3789
3794
3795
3813
3821
3823
3824
3825
3829
3832
3837
3838
3849
3855
3858
3859
3862
3871
3873
3875
3879
3880
3883
3884
3885
3893
3895
3898
3910
3915
3916
3917
3921
3925
3926
3927
3934
3935
3936
3937
3947
3948
3950
3951
3952
3955
3956
3963
3965
3967
3970
3972
3974
3976
3978
3985
3987
3988
3990
3994
3996
4003
4005
4007
4010
4011
4012
4015
4016
4019
4020
4022
4024
4026
4028
4029
4035
4037
4038
4042
4046
4047
4048
4049
4050
4054
4055
4056
4058
4064
4069
4073
4074
4076
4078
4079
4085
4086
4087
4089
4091
4092
4093
4096
4097
4103
4108
4109
4110
4118
4120
4121
4124
4125
4127
4128
4129
4135
4141
4142
4145
4149
4150
4151
4152
4155
4157
4158
4159
4160
4161
4163
4164
4165
4169
4171
4177
4182
4187
4193
4195
4196
4197
4199
4200
4201
4202
4204
4205
4209
4213
4214
4216
4217
4220
4222
4223
4224
4228
4232
4240
4241
4242
4243
4244
4246
4247
4248
4249
4252
4254
4255
4256
4259
4275
4277
4279
4281
4282
4285
4286
4287
4288
4290
4292
4299
4300
4307
4308
4309
4311
4314
4319
4321
4328
4332
4333
4335
4341
4343
4344
4346
4351
4352
4360
4364
4366
4374
4381
4384
4395
4397
4398
4406
4414
4434
4441
4444
4447
4456
4457
4470
4489
4490
4492
4515
4524
4529
4547
4550
4574
3717
3590
3724
3601
3602
3731
3607
3736
3742
3743
3617
3748
3750
3630
3635
3765
3643
3651
3654
3785
3659
3660
3793
3669
3672
3687
3688
3563
3567
3698
3700
3573
3705
3579
3708
1048
1072
1093
1118
1136
1144
1169
1175
1193
1207
1216
1230
1232
1250
1254
1265
1267
1288
1294
1298
1304
1331
1334
1335
1339
1351
1373
1375
1376
1377
1390
1399
1410
1412
1413
1414
1418
1431
1447
1452
1455
1458
1461
1467
1470
1477
1491
1494
1495
1497
1498
1500
1508
1512
1520
1525
1526
1530
1531
1541
1544
1549
1564
1565
1567
1569
1571
1573
1578
1594
1597
1598
1601
1603
1607
1612
1618
1635
1636
1637
1641
1642
1648
1654
1665
1669
1673
1676
1680
1693
1715
1272
1220
1095
1225
1194
1321
1228
1133
1261
1268
1270
1366
1176
1305
1307
1341
1310
5121
5158
5164
5168
5197
5205
5223
5239
5240
5255
5256
5271
5276
5288
5290
5311
5313
5315
5316
5323
5336
5340
5348
5349
5352
5353
5371
5375
5379
5384
5386
5389
5400
5409
5410
5419
5421
5422
5423
5424
5428
5434
5440
5444
5445
5448
5453
5455
5456
5459
5461
5469
5472
5474
5476
5478
5479
5480
5481
5483
5485
5486
5487
5488
5497
5500
5504
5507
5508
5509
5510
5513
5514
5516
5521
5522
5526
5527
5529
5530
5534
5537
5542
5544
5545
5550
5552
5553
5554
5558
5563
5564
5566
5567
5569
5570
5579
5581
5584
5588
5589
5591
5592
5598
5602
5604
5606
5607
5609
5613
5616
5618
5622
5628
5633
5637
5638
5641
5642
5643
5645
5646
5649
5654
5657
5663
5666
5667
5670
5671
5672
5678
5688
5691
5693
5696
5699
5701
5706
5712
5717
5722
5741
5745
5248
5186
5282
5191
5066
5227
5098
5169
5234
5203
5140
5204
5236
5304
5215
3864
3872
3886
3894
3900
3908
3922
3929
3938
3946
3953
3958
3964
3971
3983
3992
3998
4000
4004
4008
4018
4021
4027
4032
4034
4036
4039
4051
4057
4059
4065
4068
4070
4072
4075
4081
4100
4102
4104
4105
4106
4107
4113
4115
4117
4123
4126
4132
4133
4137
4138
4139
4143
4146
4148
4154
4166
4168
4170
4172
4174
4178
4180
4184
4186
4191
4192
4194
4198
4207
4212
4218
4221
4225
4226
4227
4230
4231
4234
4235
4238
4250
4257
4261
4262
4264
4268
4271
4272
4274
4283
4289
4291
4293
4297
4301
4303
4304
4305
4310
4318
4323
4324
4329
4334
4337
4338
4340
4345
4347
4353
4356
4357
4361
4363
4367
4368
4372
4373
4376
4378
4380
4383
4386
4392
4393
4394
4396
4399
4400
4401
4402
4403
4409
4410
4412
4413
4419
4420
4422
4424
4430
4432
4433
4436
4437
4438
4439
4442
4446
4448
4449
4450
4454
4458
4459
4461
4462
4466
4468
4469
4471
4474
4477
4478
4480
4481
4483
4484
4485
4487
4488
4491
4495
4496
4497
4499
4500
4501
4502
4503
4505
4506
4507
4509
4511
4512
4516
4522
4527
4528
4531
4533
4534
4535
4536
4539
4540
4544
4545
4546
4548
4549
4551
4553
4555
4556
4558
4561
4563
4565
4566
4569
4570
4573
4576
4577
4578
4579
4580
4581
4582
4586
4592
4595
4596
4597
4600
4602
4606
4608
4610
4611
4614
4616
4618
4619
4620
4621
4623
4624
4625
4626
4631
4633
4636
4640
4643
4644
4647
4652
4654
4655
4657
4658
4659
4660
4665
4666
4671
4675
4680
4681
4683
4685
4686
4687
4691
4692
4697
4701
4706
4707
4708
4710
4715
4716
4721
4722
4723
4727
4732
4734
4738
4739
4740
4742
4751
4756
4757
4758
4760
4761
4764
4770
4776
4782
4784
4785
4788
4790
4796
4800
4805
4811
4815
4818
4821
4826
4828
4837
4839
4842
4855
4856
4866
4874
4885
4888
4889
4904
4920
4933
4936
4864
4744
4748
4879
4762
4774
4777
4650
4656
4786
4787
4669
4670
4799
4802
4814
4819
4820
4694
4695
4696
4838
4714
4844
4853
4729
4730
4735
639
649
679
687
697
715
734
735
739
748
767
779
783
784
785
789
793
795
803
816
824
826
836
839
840
841
851
854
863
868
872
873
877
879
886
892
893
894
899
900
905
907
913
915
922
925
930
937
938
950
951
954
955
964
965
967
968
971
974
976
981
988
999
1007
1012
1013
1015
1017
1018
1020
1021
1029
1033
1034
1039
1055
1056
1057
1061
1065
1067
1069
1075
1084
1097
1099
1103
1104
1108
1112
1114
1119
1128
1140
1149
1151
1155
1161
1167
1173
1177
1182
1198
1201
1203
1210
1214
1224
1231
1238
1248
1251
1252
1253
1280
1285
1293
1315
1317
1319
1327
1352
1372
1380
1388
1398
1024
1037
1550
1553
1044
1557
2095
1073
1609
1102
1111
1120
1121
1633
2147
1138
1152
1154
1668
2181
1172
1184
1188
1192
1202
1204
1716
1211
1729
1219
1734
1237
1242
1245
1249
1260
1264
1269
1275
2301
1278
1279
1297
1299
1300
1302
1312
1326
1328
1846
1338
1340
1855
1345
1347
1363
1881
1378
1381
1384
1391
1405
1408
1409
1411
1426
1432
1436
1443
1448
1453
1456
949
1466
1473
1480
1483
972
1484
1997
1489
1509
1513
1515
1516
1011
1523
1533
18
25
36
43
46
53
60
63
69
71
79
84
85
95
102
103
104
108
110
115
125
126
127
131
135
140
144
145
152
160
162
164
165
169
170
171
172
174
177
179
186
196
199
200
205
206
208
210
211
215
216
217
219
220
221
222
224
234
241
242
244
245
246
247
248
250
253
254
256
265
267
270
271
278
281
283
284
285
287
288
289
292
293
298
304
305
306
307
310
315
318
320
321
323
324
325
326
327
331
338
339
343
349
351
352
354
356
357
358
366
368
371
376
378
380
383
384
386
387
391
394
397
398
401
404
410
411
417
418
420
426
428
431
438
440
445
450
455
457
459
463
470
478
479
480
481
486
487
492
495
496
499
500
509
517
519
527
529
531
532
537
538
539
541
552
553
564
566
572
573
577
579
580
581
593
602
605
606
612
613
618
622
624
632
640
646
650
651
656
661
662
667
678
682
688
692
696
700
701
718
729
736
741
745
749
750
754
757
762
765
778
786
801
804
807
809
810
814
828
844
862
882
919
928
929
943
956
966
982
983
1077
1126
1127
1137
1348
1355
842
880
890
914
947
963
995
996
1025
1064
1080
1110
1164
1165
1168
1187
1247
1273
1303
1313
1386
1433
1434
1437
1465
1474
1595
1608
1671
1682
1694
1695
1713
1818
1820
1927
2057
2073
2081
2173
2213
2227
2231
2240
2363
2394
2402
2471
2493
2498
2505
2539
2549
2569
2583
2597
2636
2637
2669
2679
2699
2720
2727
2731
2745
2752
2754
2762
2792
2793
2805
2817
2831
2834
2836
2860
2878
2882
2890
2893
2899
2902
2905
2912
2919
2928
2940
2955
2961
2968
2972
2973
2976
2987
2990
3007
3011
3014
3016
3026
3032
3034
3035
3037
3039
3042
3049
3068
3071
3075
3084
3087
3088
3089
3095
3097
3110
3116
3120
3128
3133
3137
3139
3143
3145
3152
3154
3156
3160
3169
3179
3182
3184
3185
3194
3195
3197
3199
3203
3210
3216
3220
3226
3228
3235
3236
3241
3247
3251
3255
3261
3264
3265
3269
3273
3277
3278
3283
3293
3295
3297
3305
3308
3311
3312
3315
3316
3319
3320
3323
3325
3337
3338
3344
3348
3353
3356
3357
3363
3365
3367
3368
3378
3384
3385
3388
3391
3392
3393
3398
3402
3403
3404
3410
3419
3422
3423
3424
3428
3430
3435
3439
3440
3441
3443
3449
3458
3463
3467
3469
3470
3479
3480
3487
3489
3493
3497
3503
3506
3511
3512
3514
3526
3527
3530
3531
3538
3542
3543
3551
3553
3557
3560
3568
3570
3574
3578
3580
3584
3593
3595
3600
3603
3611
3616
3622
3642
3646
3649
3691
2592
2598
2854
2470
2954
2701
2638
2490
2674
2613
2840
2489
2778
2556
2783
3239
3253
3254
3267
3268
3270
3271
3279
3285
3289
3290
3292
3296
3298
3299
3304
3309
3310
3313
3314
3322
3326
3328
3329
3331
3332
3343
3349
3351
3352
3354
3359
3366
3371
3372
3373
3375
3379
3380
3383
3387
3396
3397
3400
3405
3406
3409
3411
3413
3416
3417
3418
3420
3426
3431
3438
3444
3445
3446
3447
3448
3454
3456
3459
3461
3462
3468
3473
3476
3477
3491
3492
3494
3498
3499
3505
3507
3508
3516
3519
3521
3522
3525
3528
3533
3534
3535
3537
3544
3546
3549
3554
3556
3562
3563
3565
3566
3567
3573
3575
3576
3579
3585
3587
3590
3591
3594
3598
3599
3601
3602
3604
3607
3613
3617
3619
3620
3629
3630
3631
3633
3635
3636
3640
3643
3644
3651
3654
3659
3660
3661
3664
3666
3669
3671
3672
3675
3679
3682
3687
3688
3696
3698
3700
3704
3705
3708
3709
3717
3718
3719
3720
3724
3731
3732
3736
3742
3743
3748
3750
3756
3761
3765
3785
3793
3970
3972
3976
4108
3855
3728
3858
3871
3875
3879
3880
4007
3883
3893
4026
3772
3773
4285
4158
4028
3780
4165
3782
3915
3789
3921
3794
3795
4049
3925
4056
3684
3813
3947
3821
3823
3951
3825
3699
3829
4086
3832
4089
4346
4220
3837
3838
0
1
2
3
4
5
6
7
8
9
10
11
12
14
15
16
17
19
20
21
23
24
26
28
29
30
31
32
33
34
37
39
40
42
44
47
48
49
50
52
54
55
56
58
59
61
62
64
65
67
70
73
74
76
77
78
81
82
83
86
87
88
89
90
92
96
97
99
100
101
105
106
107
109
111
113
117
118
119
120
121
122
123
128
129
130
133
134
138
141
142
143
146
147
149
150
151
153
154
156
157
161
163
166
168
173
175
176
178
180
189
190
192
193
194
197
198
201
202
203
209
212
213
223
227
228
229
232
236
237
238
239
243
251
258
260
263
264
268
269
272
276
282
290
294
296
297
299
300
303
308
319
328
329
330
334
337
344
363
364
367
369
375
400
402
403
407
430
432
437
469
471
516
513
473
439
409
475
511
4720
4780
4915
4916
5022
5058
5069
5128
5133
5172
5176
5178
5181
5183
5188
5207
5212
5221
5222
5225
5230
5231
5241
5243
5262
5265
5273
5274
5277
5280
5283
5285
5287
5298
5307
5309
5312
5314
5320
5322
5326
5335
5339
5343
5344
5347
5351
5355
5358
5359
5361
5364
5365
5367
5369
5376
5383
5385
5392
5393
5395
5398
5399
5401
5402
5404
5406
5411
5413
5420
5426
5427
5429
5430
5432
5436
5441
5446
5447
5449
5450
5451
5454
5457
5458
5462
5463
5470
5471
5477
5482
5484
5489
5490
5491
5492
5493
5495
5496
5498
5501
5503
5511
5515
5517
5518
5523
5524
5525
5528
5531
5532
5533
5535
5538
5540
5541
5546
5547
5548
5555
5556
5559
5560
5561
5565
5568
5571
5572
5575
5577
5578
5580
5582
5583
5586
5587
5590
5593
5594
5596
5600
5601
5608
5610
5611
5612
5614
5615
5617
5620
5621
5624
5625
5626
5627
5629
5631
5632
5634
5635
5636
5639
5647
5648
5651
5652
5653
5655
5656
5658
5659
5660
5661
5662
5664
5665
5668
5673
5675
5676
5677
5679
5681
5682
5683
5685
5689
5690
5692
5694
5695
5697
5700
5702
5703
5704
5705
5707
5709
5710
5711
5713
5716
5719
5721
5725
5726
5727
5728
5729
5731
5733
5734
5735
5737
5739
5740
5743
5747
5748
5750
5751
5753
5754
5756
5758
5759
5760
5762
5764
5765
5770
5771
5772
5773
5774
5777
5778
5779
5782
5784
5785
5787
5788
5789
5790
5791
5794
5795
5797
5800
5801
5802
5803
5804
5805
5808
5809
5811
5813
5814
5815
5816
5819
5820
5821
5822
5825
5826
5827
5828
5829
5831
5833
5834
5836
5837
5838
5839
5842
5843
5844
5847
5848
5850
5851
5852
5854
5855
5856
5857
5861
5862
5864
5865
5866
5868
5871
5872
4992
5505
5122
5123
4868
5252
5131
5387
5264
5266
5013
5269
5015
5144
5017
5397
5020
4894
5247
5536
5281
4898
5154
5414
5292
4910
5294
5040
5171
5177
5308
5053
4798
5437
4929
4930
5061
5190
5317
4810
5068
4941
5324
5071
5328
5073
5202
5331
4950
5206
5081
5210
4827
5465
4832
5216
5217
5346
4964
5473
4967
5096
4841
4972
5100
5101
5228
5363
4854
5368
4857
5242
5372
4989
4863
399
416
429
451
467
468
489
504
518
535
543
578
588
599
607
619
626
702
706
707
708
709
712
721
796
819
821
829
838
855
861
864
942
948
957
962
979
1005
1049
1053
1062
1063
1089
1124
1141
1189
1206
1243
1256
1289
1292
1354
1417
1429
1446
1503
1518
1596
1649
1741
1768
1775
1864
1919
1943
1966
2177
2195
2235
2316
2362
2409
2433
2486
2527
2552
2561
2615
2659
2681
2689
2706
2744
2753
2768
2780
2847
2850
2855
2865
2870
2930
2934
2935
2953
2958
2971
2997
3002
3012
3041
3045
3056
3060
3063
3086
3106
3119
3124
3125
3142
3144
3168
3178
3180
3196
3201
3213
3217
3222
3227
3245
3259
3266
3275
3291
3306
3307
3317
3318
3346
3347
3350
3358
3386
3395
3399
3412
3421
3433
3436
3460
3465
3472
3509
3515
3561
514
520
1045
534
550
555
556
563
569
570
576
1092
586
598
1125
621
627
633
642
643
671
676
689
690
698
204
218
225
226
742
744
235
764
257
769
259
771
261
266
273
275
2325
286
295
302
309
313
316
317
831
322
835
847
336
340
341
342
856
350
353
359
871
362
365
370
379
381
393
396
405
406
412
924
934
423
424
425
1454
434
441
453
454
460
472
485
1511
488
490
494
507
510
4646
4650
4656
4669
4670
4678
4694
4695
4696
4703
4704
4714
4729
4730
4731
4735
4736
4744
4748
4755
4759
4762
4766
4774
4777
4786
4787
4792
4793
4799
4802
4807
4814
4817
4819
4820
4824
4833
4835
4838
4844
4850
4852
4853
4862
4864
4869
4875
4878
4879
4886
4890
4893
4897
4900
4903
4905
4906
4912
4918
4922
4925
4926
4931
4935
4937
4947
4953
4956
4959
4962
4965
4979
4980
4983
4984
4985
4991
5005
5006
5009
5014
4608
5124
4614
4615
4616
4618
4619
4620
4623
5141
4639
4643
5157
4647
5161
4653
4655
4657
4659
4663
4673
4679
4685
4686
4690
4697
4719
4722
4732
4737
4746
4770
4779
4797
4816
4818
4865
4361
4363
4883
4376
4392
4394
4396
4401
4409
4410
4420
4422
4939
4430
4433
4949
4438
4442
4448
4449
4458
4461
4462
4976
4978
4468
4471
4477
4481
4484
4998
4488
5002
4491
4495
4496
4497
4501
4502
5016
4506
5018
4509
5023
4512
4516
5029
5030
5035
5036
4527
4531
5044
4533
4535
5047
4539
4540
5052
5054
4545
4546
5057
4548
5063
5064
4553
4555
4556
5072
5076
4565
4566
5079
5084
4576
4577
4578
4580
4581
5092
5095
5099
5102
4592
5108
4597
5114
4603
4606
4607
2305
2361
2430
2469
2500
2521
2531
2548
2577
2581
2593
2606
2620
2628
2629
2653
2662
2665
2668
2672
2677
2683
2690
2703
2704
2713
2715
2719
2725
2726
2728
2729
2732
2734
2738
2742
2743
2748
2757
2759
2763
2764
2765
2767
2770
2771
2774
2775
2784
2787
2795
2796
2797
2799
2802
2803
2807
2809
2810
2811
2814
2823
2827
2828
2832
2835
2837
2842
2843
2844
2849
2851
2852
2857
2861
2862
2868
2873
2875
2886
2888
2891
2894
2896
2901
2904
2907
2908
2909
2911
2915
2925
2927
2929
2931
2942
2943
2949
2950
2952
2959
2960
2964
2966
2969
2975
2977
2979
2982
2984
2992
2994
2995
3000
3003
3015
3017
3021
3023
3025
3027
3033
3036
3043
3044
3046
3050
3062
3066
3072
3073
3077
3081
3085
3092
3096
3099
3103
3105
3111
3117
3126
3135
3140
3148
3150
3164
3176
2306
1797
2186
2575
1935
2451
2069
2456
2458
2105
2367
2624
1859
2118
2503
2248
2514
2644
2261
2392
2657
2401
2023
2408
1897
2538
2420
2557
