0
4
8
12
16
20
24
28
32
36
39
44
48
54
58
62
68
74
80
84
89
95
101
105
110
117
121
127
131
138
144
150
156
162
168
174
180
184
191
197
203
209
213
220
226
232
238
242
248
253
259
265
269
274
280
286
293
299
305
312
317
323
329
335
339
345
351
357
363
367
374
379
385
391
397
403
409
415
421
427
431
436
442
448
454
460
466
472
478
485
491
497
503
509
513
519
525
531
537
543
549
555
561
567
571
577
583
589
595
600
606
613
619
625
631
637
643
649
655
660
666
672
678
684
690
694
699
705
711
717
723
729
735
741
747
753
757
763
770
776
782
788
794
800
806
812
817
823
829
835
841
847
853
860
866
872
878
884
890
896
900
906
912
919
925
932
938
944
950
956
960
966
972
979
984
989
996
1003
1009
1015
1021
1026
1032
1037
1043
1049
1055
1060
1066
1072
1078
1084
1090
1097
1103
1109
1113
1118
1124
1130
1136
1142
1148
1154
1160
1166
1172
1178
1184
1190
1196
1202
1208
1214
1220
1226
1232
1238
1242
1248
1254
1260
1267
1273
1279
1285
1291
1298
1304
1310
1316
1322
1328
1334
1340
1346
1352
1358
1364
1370
1375
1382
1388
1394
1400
1407
1413
1419
1425
1431
1437
1443
1449
1455
1461
1466
1470
1476
1482
1488
1494
1500
1505
1511
1517
1523
1528
1534
1541
1547
1554
1560
1566
1572
1578
1584
1590
1596
1601
1607
1611
1617
1623
1629
1635
1641
1647
1653
1659
1665
1672
1678
1684
1689
1695
1701
1707
1713
1719
1725
1731
1737
1743
1748
1754
1760
1766
1772
1778
1784
1791
1796
1802
1807
1813
1819
1825
1832
1838
1844
1850
1856
1862
1868
1875
1881
1886
1892
1898
1904
1910
1916
1922
1928
1934
1940
1944
1950
1956
1962
1968
1974
1980
1986
1992
1998
2004
2010
2016
2022
2028
2034
2040
2046
2052
2058
2064
2071
2077
2083
2089
2095
2102
2108
2114
2120
2126
2132
2138
2144
2150
2156
2162
2168
2172
2178
2184
2190
2196
2202
2208
2215
2221
2227
2232
2238
2244
2251
2257
2263
2269
2275
2281
2287
2293
2298
2304
2310
2316
2322
2328
2334
2340
2346
2352
2358
2364
2370
2376
2381
2387
2393
2399
2405
2411
2417
2423
2429
2435
2441
2447
2453
2459
2465
2471
2477
2483
2489
2495
2501
2507
2513
2519
2525
2531
2537
2543
2549
2555
2562
2568
2574
2580
2586
2590
2596
2602
2608
2614
2620
2626
2631
2637
2643
2649
2655
2662
2668
2674
2680
2686
2693
2699
2705
2711
2717
2723
2729
2735
2741
2747
2753
2759
2765
2771
2777
2783
2789
2795
2801
2807
2813
2819
2825
2831
2837
2843
2849
2855
2861
2867
2873
2879
2885
2891
2897
2903
2909
2915
2921
2927
2933
2939
2945
2950
2956
2960
2966
2972
2978
2984
2990
2996
3002
3008
3014
3020
3026
3032
3038
3044
3050
3056
3062
3068
3074
3080
3085
3091
3097
3103
3109
3115
3121
3127
3133
3139
3145
3151
3157
3163
3169
3175
3181
3187
3193
3199
3205
3211
3217
3223
3229
3235
3241
3247
3252
3259
3265
3271
3277
3283
3289
3295
3301
3307
3313
3319
3325
3331
3338
3344
3349
3355
3360
3366
3372
3378
3384
3390
3396
3402
3408
3414
3420
3426
3432
3438
3444
3450
3456
3462
3468
3474
3480
3486
3492
3498
3504
3510
3516
3522
3528
3534
3540
3546
3550
3556
3562
3568
3574
3580
3586
3592
3598
3604
3610
3616
3622
3628
3634
3640
3646
3652
3658
3664
3671
3676
3682
3688
3694
3700
3706
3712
3718
3723
3729
3735
3742
3748
3754
3760
3766
3772
3778
3784
3790
3796
3802
3808
3815
3821
3827
3833
3839
3845
3851
3857
3863
3869
3875
3881
3886
3892
3897
3903
3909
3915
3921
3927
3932
3938
3944
3950
3957
3964
3970
3976
3982
3988
3994
4000
4006
4010
4016
4022
4028
4034
4039
4045
4051
4058
4064
4070
4076
4082
4088
4094
4099
4105
4110
4115
4121
4127
4133
4139
4145
4151
4157
4163
4169
4175
4181
4187
4193
4199
4206
4213
4219
4226
4232
4237
4243
4250
4257
4263
4269
4275
4281
4287
4293
4299
4304
4310
4316
4322
4328
4334
4340
4346
4352
4358
4364
4371
4377
4383
4390
4397
4403
4409
4415
4421
4428
4434
4440
4445
4451
4457
4463
4469
4475
4481
4487
4493
4498
4504
4510
4516
4522
4528
4534
4540
4546
4551
4557
4563
4569
4575
4581
4587
4593
4600
4606
4612
4618
4623
4629
4635
4641
4647
4654
4660
4666
4672
4678
4684
4690
4696
4702
4708
4714
4720
4726
4732
4738
4744
4750
4756
4762
4768
4774
4780
4785
4791
4797
4803
4809
4815
4821
4827
4833
4839
4845
4851
4857
4863
4869
4875
4881
4888
4894
4900
4906
4912
4918
4925
4931
4937
4943
4949
4954
4960
4966
4972
4978
4984
4990
4996
5002
5008
5014
5020
5026
5032
5037
5043
5049
5055
5061
5067
5071
5077
5083
5089
5095
5101
5106
5112
5118
5124
5130
5136
5142
5148
5155
5161
5167
5173
5179
5185
5191
5197
5203
5209
5215
5221
5226
5232
5238
5244
5250
5256
5262
5269
5275
5281
5287
5293
5299
5305
5311
5317
5322
5329
5335
5340
5346
5352
5358
5364
5370
5376
5382
5388
5394
5400
5406
5412
5418
5424
5430
5435
5442
5448
5454
5460
5466
5472
5478
5484
5490
5496
5502
5508
5514
5520
5526
5531
5537
5543
5549
5555
5561
5567
5574
5580
5587
5593
5598
5604
5610
5616
5622
5628
5634
5640
5646
5652
5659
5665
5671
5677
5683
5689
5695
5701
5707
5713
5719
5725
5731
5737
5743
5749
5755
5761
5767
5773
5779
5785
5791
5797
5803
5809
5816
5822
5827
5833
5840
5846
5852
5858
5864
5870
5877
5883
5887
5893
5899
5905
5910
5916
5922
5928
5934
5940
5946
5952
5958
5963
5969
5975
5981
5987
5993
5999
6005
6011
6018
6024
6030
6036
6042
6048
6055
6061
6067
6073
6079
6085
6091
6097
6103
6109
6114
6120
6127
6133
6138
6144
6149
6156
6162
6168
6174
6180
6186
6192
6198
6204
6210
6216
6222
6228
6234
6240
6246
6252
6258
6264
6271
6277
6283
6289
6296
6302
6308
6314
6319
6325
6331
6337
6343
6349
6355
6361
6367
6373
6380
6386
6392
6397
6403
6408
6414
6420
6426
6432
6438
6444
6451
6457
6463
6469
6475
6481
6487
6493
6499
6505
6511
6517
6523
6529
6535
6541
6547
6552
6558
6563
6569
6575
6581
6587
6593
6599
6605
6611
6617
6623
6629
6635
6641
6647
6653
6660
6666
6672
6678
6683
6689
6695
6701
6707
6714
6720
6726
6732
6737
6743
6749
6755
6761
6767
6773
6779
6786
6792
6798
6804
6810
6816
6822
6828
6834
6840
6846
6852
6858
6864
6869
6876
6881
6887
6893
6899
6905
6911
6917
6923
6929
6935
6941
6947
6953
6960
6966
6972
6978
6984
6990
6996
7002
7008
7013
7019
7025
7031
7037
7042
7048
7054
7060
7066
7071
7077
7083
7089
7095
7101
7106
7111
7117
7123
7129
7135
7142
7149
7155
7161
7167
7173
7180
7186
7192
7198
7204
7210
7216
7222
7229
7235
7241
7247
7253
7259
7264
7270
7276
7282
7288
7294
7300
7306
7312
7318
7325
7331
7337
7343
7349
7355
7361
7367
7373
7379
7385
7390
7396
7402
7408
7414
7421
7427
7433
7440
7446
7452
7458
7464
7470
7476
7482
7488
7494
7500
7506
7511
7517
7523
7529
7534
7540
7546
7552
7559
7565
7571
7577
7582
7588
7594
7600
7606
7612
7618
7624
7630
7636
7642
7648
7654
7660
7666
7671
7677
7683
7689
7695
7701
7707
7713
7719
7725
7731
7737
7743
7749
7755
7761
7767
7773
7779
7784
7790
7795
7801
7807
7813
7819
7825
7831
7837
7843
7850
7856
7862
7868
7874
7880
7886
7892
7898
7904
7910
7916
7922
7928
7934
7940
7946
7952
7959
7965
7971
7978
7984
7990
7996
8002
8008
8014
8020
8026
8032
8036
8042
8048
8054
8060
8066
8072
8078
8084
8090
8096
8102
8108
8114
8120
8126
8132
8138
8144
8151
8157
8163
8169
8175
8181
8188
8194
8201
8207
8213
8219
8225
8231
8238
8244
8249
8255
8261
8266
8272
8278
8284
8290
8296
8302
8307
8313
8320
8326
8332
8338
8344
8350
8355
8361
8367
8373
8379
8385
8391
8397
8403
8409
8415
8421
8427
8433
8439
8445
8451
8457
8463
8469
8475
8481
8487
8493
8500
8506
8513
8519
8524
8530
8536
8542
8548
8554
8560
8565
8571
8576
8582
8587
8593
8599
8605
8611
8617
8624
8630
8636
8643
8649
8655
8662
8668
8674
8680
8686
8692
8698
8704
8710
8716
8722
8728
8734
8740
8746
8752
8758
8764
8770
8775
8781
8787
8793
8799
8805
8811
8816
8822
8827
8833
8839
8845
8851
8857
8863
8869
8875
8881
8887
8893
8899
8905
8911
8917
8923
8928
8934
8940
8946
8952
8958
8964
8970
8976
8982
8988
8993
8999
9005
9011
9017
9023
9029
9035
9042
9048
9054
9060
9066
9072
9078
9085
9091
9097
9103
9109
9115
9121
9127
9133
9139
9145
9151
9158
9164
9170
9177
9183
9189
9195
9201
9207
9213
9219
9225
9231
9237
9243
9249
9255
9262
9268
9274
9280
9286
9292
9298
9304
9310
9316
9322
9328
9334
9340
9346
9352
9358
9363
9369
9375
9381
9387
9394
9400
9406
9412
9418
9424
9430
9436
9442
9448
9454
9460
9466
9472
9478
9484
9490
9496
9502
9508
9514
9520
9526
9531
9537
9543
9549
9555
9561
9567
9573
9579
9585
9591
9597
9603
9609
9614
9620
9626
9632
9638
9644
9650
9656
9662
9668
9674
9680
9686
9692
9698
9704
9710
9716
9722
9728
9734
9740
9746
9752
9758
9764
9770
9777
9783
9789
9795
9801
9807
9813
9819
9825
9831
9837
9843
9849
9855
9861
9867
9873
9879
9885
9892
9898
9904
9910
9916
9922
9928
9933
9939
9945
9951
9957
9963
9969
9974
9981
9987
9992
9998
10004
10010
10016
10022
10029
10035
10041
10047
10053
10059
10065
10071
10077
10083
10089
10095
10101
10107
10113
10119
10125
10131
10137
10143
10149
10155
10161
10168
10174
10180
10186
10192
10198
10204
10210
10216
10222
10228
10234
10240
10246
10252
10258
10264
10271
10277
10282
10288
10293
10299
10305
10311
10317
10323
10329
10335
10341
10347
10353
10359
10365
10371
10376
10381
10387
10393
10399
10404
10410
10416
10422
10428
10434
10440
10446
10451
10457
10463
10469
10475
10481
10487
10493
10499
10505
10511
10518
10524
10531
10537
10543
10549
10555
10560
10566
10572
10577
10583
10589
10595
10601
10607
10613
10619
10625
10631
10637
10644
10650
10656
10662
10668
10675
10681
10688
10694
10700
10706
10712
10717
10723
10730
10736
10742
10748
10754
10760
10766
10772
10776
10781
10787
10793
10799
10805
10811
10818
10824
10830
10837
10842
10848
10854
10860
10866
10873
10879
10885
10891
10897
10903
10908
10914
10920
10926
10932
10938
10944
10949
10955
10960
10967
10973
10979
10985
10991
10998
11004
11010
11016
11021
11027
11033
11039
11045
11051
11057
11062
11068
11075
11081
11087
11093
11099
11105
11112
11118
11124
11130
11135
11140
11146
11152
11158
11164
11170
11176
11182
11188
11194
11200
11206
11212
11218
11225
11231
11237
11243
11249
11255
11260
11266
11272
11278
11284
11290
11295
11300
11306
11312
11317
11323
11329
11336
11342
11349
11355
11361
11367
11373
11379
11385
11391
11397
11403
11409
11416
11422
11428
11434
11440
11446
11452
11458
11464
11470
11476
11482
11488
11494
11500
11506
11512
11519
11525
11531
11537
11542
11549
11555
11561
11567
11573
11579
11585
11591
11597
11603
11609
11615
11621
11627
11633
11639
11644
11650
11656
11662
11668
11674
11679
11685
11691
11697
11704
11710
11716
11722
11728
11734
11740
11746
11752
11758
11764
11770
11776
11782
11788
11794
11799
11805
11811
11816
11822
11828
11834
11840
11846
11852
11858
11864
11870
11876
11883
11889
11895
11901
11907
11913
11919
11925
11931
11937
11942
11948
11954
11960
11966
11972
11978
11984
11990
11996
12002
12009
12015
12020
12026
12033
12040
12046
12052
12058
12064
12070
12076
12082
12088
12095
12102
12108
12114
12120
12126
12132
12138
12144
12150
12156
12162
12168
12174
12179
12185
12191
12197
12203
12208
12214
12220
12226
12232
12238
12244
12250
12256
12262
12268
12273
12278
12283
12289
12295
12301
12308
12313
12319
12325
12331
12337
12343
12348
12354
12360
12366
12372
12378
12384
12390
12397
12402
12408
12414
12420
12426
12433
12440
12446
12452
12458
12464
12470
12476
12481
12487
12493
12499
12505
12511
12517
12522
12528
12534
12540
12546
12552
12558
12564
12570
12576
12582
12588
12594
12600
12606
12612
12618
12623
12629
12635
12641
12647
12653
12660
12666
12671
12677
12683
12689
12695
12701
12707
12713
12720
12726
12732
12739
12745
12751
12756
12762
12769
12775
12781
12787
12794
12800
12806
12812
12818
12824
12830
12836
12842
12848
12854
12860
12864
12870
12876
12882
12888
12892
12896
12901
12907
12911
12917
12921
12927
12933
12939
12946
12953
12959
12965
12971
12975
12981
12987
12993
12999
13003
13009
13015
13022
13028
13034
13040
13046
13052
13058
13063
13069
13073
13079
13083
13089
13095
13101
13107
13112
13118
13124
13130
13136
13142
13149
13155
13159
13165
13171
13175
13181
13187
13193
13199
13205
13211
13217
13222
13228
13234
13240
13246
13252
13259
13265
13269
13275
13281
13288
13294
13300
13306
13312
13318
13322
13328
13334
13340
13346
13352
13358
13364
13370
13376
13383
13388
13393
13399
13405
13411
13417
13423
13430
13436
13443
13449
13455
13459
13464
13470
13476
13482
13488
13494
13500
13505
13511
13518
13524
13530
13536
13542
13548
13554
13560
13566
13572
13578
13584
13588
13594
13600
13606
13612
13618
13624
13630
13636
13642
13648
13652
13658
13664
13670
13676
13682
13688
13694
13700
13706
13712
13719
13724
13730
13736
13742
13748
13755
13761
13765
13771
13777
13783
13789
13795
13801
13805
13811
13817
13823
13828
13834
13841
13846
13852
13858
13864
13870
13875
13881
13887
13893
13899
13905
13911
13917
13923
13929
13935
13941
13947
13953
13959
13965
13971
13977
13981
13987
13991
13997
14003
14009
14015
14021
14027
14033
14039
14045
14051
14057
14063
14070
14076
14082
14088
14094
14100
14106
14111
14117
14124
14130
14136
14140
14146
14152
14159
14165
14171
14175
14181
14187
14193
14199
14205
14211
14217
14223
14229
14234
14240
14246
14252
14258
14264
14270
14276
14282
14288
14295
14299
14305
14311
14317
14323
14329
14333
14339
14345
14350
14356
14362
14368
14374
14380
14386
14393
14399
14404
14411
14417
14423
14429
14435
14441
14447
14452
14456
14462
14468
14475
14480
14486
14492
14498
14504
14510
14514
14520
14526
14532
14538
14544
14550
14556
14562
14568
14574
14580
14587
14593
14599
14605
14611
14616
14622
14628
14634
14638
14644
14650
14655
14662
14668
14674
14679
14685
14691
14695
14700
14706
14712
14718
14724
14730
14736
14742
14747
14753
14759
14764
14770
14776
14782
14788
14794
14800
14806
14812
14818
14825
14831
14835
14841
14848
14854
14860
14866
14872
14878
14884
14891
14898
14904
14910
14914
14919
14924
14930
14936
14942
14948
14954
14960
14967
14973
14979
14985
14991
14995
15001
15007
15013
15019
15024
15030
15036
15042
15048
15054
15061
15067
15073
15079
15085
15090
15096
15102
15108
15115
15119
15125
15131
15137
15143
15148
15154
15160
15166
15172
15178
15184
15190
15196
15200
15206
15212
15218
15225
15231
15237
15243
15249
15255
15261
15266
15272
15278
15284
15290
15295
15299
15305
15311
15317
15323
15329
15335
15341
15347
15352
15358
15365
15371
15377
15381
15387
15393
15399
15405
15411
15417
15423
15429
15435
15442
15448
15454
15460
15466
15472
15478
15484
15490
15494
15500
15506
15512
15518
15524
15530
15537
15543
15549
15555
15561
15567
15573
15579
15585
15590
15594
15601
15607
15613
15619
15625
15631
15637
15644
15650
15656
15662
15668
15674
15680
15686
15691
15697
15703
15709
15715
15719
15725
15730
15736
15742
15748
15754
15760
15766
15771
15777
15783
15789
15793
15799
15805
15810
15816
15822
15828
15834
15841
15847
15854
15860
15867
15873
15879
15885
15890
15895
15901
15907
15911
15918
15924
15930
15936
15942
15948
15954
15960
15966
15971
15977
15984
15990
15996
16000
16006
16012
16018
16024
16030
16036
16042
16048
16054
16058
16064
16070
16076
16082
16088
16094
16100
16106
16111
16117
16123
16129
16135
16141
16147
16151
16157
16163
16169
16175
16181
16187
16194
16200
16204
16211
16217
16223
16229
16235
16241
16247
16253
16259
16265
16271
16277
16283
16289
16295
16301
16307
16313
16319
16325
16331
16337
16343
16349
16355
16361
16367
16374
16378
16384
16390
16396
16402
16407
16413
16419
16425
16431
16435
16441
16447
16453
16459
16465
16471
16477
16484
16490
16496
16502
16508
16514
16520
16526
16532
16538
16544
16550
16556
16562
16568
16574
16580
16586
16592
16597
16601
16607
16613
16617
16623
16629
16635
16641
16647
16653
16659
16665
16672
16679
16685
16691
16697
16704
16710
16716
16722
16728
16734
16740
16746
16752
16758
16764
16770
16776
16782
16788
16794
16800
16806
16810
16814
16820
16826
16832
16838
16844
16850
16856
16863
16868
16874
16880
16886
16892
16898
16904
16910
16916
16922
16928
16934
16941
16947
16953
16959
16965
16971
16977
16983
16989
16995
17001
17007
17013
17017
17021
17027
17033
17038
17044
17050
17056
17062
17068
17074
17080
17086
17092
17098
17104
17111
17117
17123
17129
17135
17141
17147
17153
17159
17165
17171
17177
17183
17189
17195
17201
17207
17213
17219
17224
17230
17236
17242
17246
17252
17256
17262
17268
17273
17279
17285
17291
17298
17304
17310
17315
17321
17327
17333
17339
17345
17349
17355
17361
17367
17373
17379
17385
17391
17397
17403
17409
17415
17421
17427
17433
17439
17445
17451
17456
17463
17469
17473
17478
17484
17490
17496
17502
17508
17512
17517
17523
17529
17536
17542
17547
17553
17559
17565
17571
17577
17583
17589
17595
17600
17606
17612
17618
17624
17631
17637
17643
17649
17655
17661
17667
17673
17679
17685
17691
17695
17699
17705
17710
17715
17721
17727
17733
17739
17745
17751
17757
17763
17769
17775
17781
17787
17793
17799
17805
17811
17817
17823
17829
17835
17841
17847
17853
17859
17865
17871
17877
17883
17889
17895
17901
17907
17911
17916
17922
17928
17934
17940
17946
17950
17956
17962
17968
17974
17980
17986
17991
17997
18003
18009
18015
18021
18028
18034
18041
18047
18053
18059
18065
18071
18077
18083
18090
18096
18100
18106
18112
18118
18125
18131
18137
18143
18149
18155
18161
18167
18172
18178
18182
18187
18193
18199
18205
18211
18217
18223
18229
18235
18242
18248
18254
18260
18266
18272
18278
18284
18290
18296
18302
18308
18314
18320
18326
18332
18338
18342
18348
18355
18361
18367
18373
18379
18385
18391
18397
18403
18410
18414
18420
18426
18432
18438
18443
18448
18454
18460
18466
18472
18478
18484
18490
18497
18503
18509
18515
18521
18527
18532
18538
18544
18550
18554
18560
18565
18571
18577
18584
18590
18596
18602
18608
18613
18619
18625
18631
18637
18643
18649
18655
18662
18666
18671
18678
18685
18691
18697
18703
18709
18716
18722
18728
18734
18740
18746
18752
18758
18764
18770
18774
18781
18787
18793
18799
18804
18810
18816
18822
18828
18834
18840
18846
18852
18857
18863
18869
18875
18881
18887
18893
18899
18904
18908
18914
18919
18925
18931
18937
18942
18948
18954
18960
18966
18972
18978
18984
18990
18996
19002
19006
19012
19018
19024
19030
19036
19042
19048
19054
19060
19066
19073
19077
19083
19089
19095
19101
19107
19113
19119
19125
19131
19137
19143
19149
19155
19161
19165
19171
19177
19183
19189
19195
19201
19207
19213
19217
19223
19229
19235
19241
19247
19254
19260
19265
19272
19278
19284
19290
19296
19302
19308
19314
19321
19328
19334
19340
19346
19352
19358
19364
19370
19376
19382
19388
19392
19398
19403
19409
19415
19418
19424
19430
19437
19443
19449
19455
19461
19467
19473
19479
19483
19489
19495
19501
19507
19513
19519
19524
19530
19536
19542
19548
19554
19561
19567
19573
19579
19583
19589
19595
19601
19607
19613
19619
19625
19631
19637
19643
19649
19655
19661
19666
19672
19678
19684
19690
19696
19700
19705
19711
19717
19723
19728
19734
19740
19746
19752
19758
19765
19771
19778
19784
19790
19796
19802
19808
19814
19820
19826
19832
19838
19844
19848
19854
19860
19866
19872
19878
19884
19890
19896
19902
19908
19913
19919
19925
19931
19938
19944
19950
19954
19960
19967
19973
19979
19985
19991
19997
20003
20009
20015
20021
20027
20033
20039
20045
20051
20057
20063
20069
20074
20080
20087
20093
20099
20105
20111
20118
20124
20128
20134
20141
20147
20153
20158
20164
20170
20174
20180
20187
20193
20199
20205
20211
20217
20223
20229
20235
20241
20248
20254
20260
20266
20272
20278
20284
20289
20295
20301
20307
20313
20319
20325
20331
20335
20341
20347
20353
20359
20365
20371
20377
20383
20387
20393
20398
20404
20410
20416
20421
20427
20433
20439
20445
20451
20456
20462
20468
20474
20480
20486
20492
20498
20504
20510
20516
20522
20528
20534
20540
20546
20552
20559
20565
20571
20577
20581
20587
20593
20600
20606
20611
20617
20623
20629
20635
20641
20647
20653
20659
20663
20668
20674
20681
20687
20693
20699
20705
20711
20717
20723
20729
20735
20740
20746
20752
20758
20764
20770
20776
20782
20788
20794
20800
20806
20812
20818
20824
20830
20836
20842
20848
20852
20857
20863
20868
20874
20880
20887
20891
20897
20903
20909
20915
20921
20927
20934
20940
20945
20951
20957
20963
20969
20974
20980
20986
20992
20998
21004
21010
21016
21022
21028
21035
21040
21046
21052
21058
21064
21070
21074
21080
21086
21092
21098
21103
21110
21116
21122
21128
21134
21140
21146
21152
21158
21163
21169
21175
21181
21187
21193
21199
21205
21211
21217
21224
21230
21236
21242
21248
21254
21260
21264
21270
21276
21283
21290
21295
21302
21308
21314
21320
21324
21330
21336
21342
21348
21354
21360
21366
21372
21378
21384
21390
21396
21402
21408
21414
21420
21426
21432
21438
21444
21450
21456
21462
21468
21474
21481
21485
21491
21497
21503
21509
21515
21520
21526
21529
21535
21541
21547
21552
21558
21562
21568
21573
21578
21584
21590
21596
21602
21609
21615
21621
21627
21633
21639
21645
21651
21657
21663
21670
21676
21682
21688
21692
21698
21704
21710
21716
21722
21728
21734
21740
21746
21752
21758
21764
21770
21776
21782
21788
21792
21798
21804
21810
21816
21822
21828
21834
21841
21847
21853
21859
21865
21871
21877
21883
21889
21895
21901
21907
21913
21919
21923
21929
21935
21941
21947
21952
21958
21964
21970
21976
21982
21988
21994
22000
22007
22013
22019
22025
22029
22035
22041
22047
22053
22059
22065
22071
22077
22083
22089
22095
22100
22106
22111
22115
22121
22127
22133
22139
22145
22151
22158
22164
22170
22175
22181
22188
22194
22200
22206
22212
22218
22222
22228
22234
22240
22246
22252
22257
22263
22269
22275
22281
22286
22293
22300
22306
22312
22318
22324
22328
22334
22340
22345
22352
22358
22364
22370
22376
22383
22389
22396
22402
22408
22414
22420
22426
22432
22438
22444
22450
22454
22460
22466
22472
22478
22484
22490
22496
22502
22507
22513
22518
22523
22529
22533
22539
22545
22551
22558
22564
22570
22576
22582
22589
22595
22601
22607
22613
22619
22625
22631
22637
22642
22646
22652
22658
22663
22669
22675
22681
22687
22693
22699
22705
22711
22717
22723
22729
22733
22739
22745
22751
22756
22762
22768
22774
22780
22786
22791
22797
22803
22809
22816
22822
22828
22834
22840
22846
22852
22859
22865
22869
22876
22882
22888
22894
22899
22905
22911
22917
22923
22927
22933
22939
22946
22952
22958
22964
22970
22976
22983
22988
22993
23000
23007
23013
23019
23025
23031
23037
23043
23048
23055
23061
23065
23071
23077
23083
23089
23095
23101
23108
23114
23120
23126
23132
23138
23142
23148
23154
23161
23167
23172
23177
23183
23188
23193
23199
23205
23211
23217
23223
23229
23235
23241
23247
23254
23260
23266
23273
23279
23283
23289
23293
23299
23305
23311
23317
23323
23329
23335
23341
23347
23353
23359
23363
23369
23375
23380
23387
23393
23399
23405
23410
23416
23422
23428
23434
23441
23447
23453
23459
23463
23469
23476
23482
23487
23493
23499
23505
23511
23517
23523
23529
23535
23541
23547
23553
23559
23565
23571
23577
23581
23587
23592
23598
23604
23609
23615
23621
23627
23633
23640
23647
23653
23659
23665
23671
23677
23683
23689
23695
23699
23705
23711
23717
23723
23729
23736
23741
23747
23753
23760
23766
23772
23778
23784
23788
23794
23800
23806
23812
23817
23823
23829
23835
23841
23847
23853
23859
23865
23871
23877
23883
23889
23895
23901
23905
23911
23917
23923
23929
23934
23940
23946
23952
23958
23964
23970
23976
23980
23985
23991
23997
24003
24009
24015
24021
24027
24033
24039
24044
24050
24057
24063
24069
24075
24081
24087
24093
24099
24106
24112
24116
24122
24128
24134
24140
24146
24152
24156
24162
24168
24174
24180
24186
24192
24198
24204
24210
24216
24222
24228
24234
24239
24245
24251
24257
24263
24268
24274
24280
24286
24292
24298
24304
24310
24316
24322
24326
24332
24338
24344
24350
24356
24360
24365
24371
24377
24383
24389
24395
24399
24405
24411
24418
24424
24429
24435
24441
24447
24454
24460
24466
24470
24476
24482
24488
24494
24500
24506
24511
24515
24521
24527
24533
24540
24546
24552
24558
24564
24570
24576
24582
24588
24594
24600
24606
24612
24618
24624
24630
24637
24643
24649
24654
24660
24666
24673
24679
24683
24689
24695
24699
24705
24711
24717
24722
24728
24735
24741
24747
24753
24759
24765
24771
24777
24782
24789
24795
24801
24807
24813
24819
24825
24830
24836
24842
24848
24854
24860
24866
24871
24877
24883
24889
24895
24901
24908
24914
24919
24925
24930
24936
24942
24948
24954
24960
24966
24972
24978
24984
24990
24996
25002
25008
25015
25021
25027
25033
25039
25045
25051
25057
25063
25069
25075
25081
25087
25093
25099
25105
25111
25117
25123
25129
25135
25141
25146
25151
25157
25163
25168
25174
25180
25186
25192
25198
25204
25210
25216
25222
25228
25234
25240
25247
25253
25259
25265
25271
25278
25284
25290
25296
25302
25308
25313
25319
25324
25330
25336
25342
25348
25354
25360
25366
25372
25378
25384
25390
25396
25403
25409
25415
25421
25427
25433
25439
25445
25451
25457
25463
25469
25475
25480
25487
25493
25499
25505
25511
25517
25523
25529
25535
25541
25548
25553
25558
25564
25570
25577
25583
25589
25595
25601
25607
25613
25619
25626
25632
25638
25644
25650
25656
25662
25669
25675
25681
25687
25693
25699
25705
25711
25717
25723
25729
25735
25741
25747
25753
25759
25765
25771
25777
25782
25788
25794
25800
25806
25812
25818
25824
25830
25836
25842
25848
25854
25859
25865
25871
25877
25883
25889
25895
25901
25907
25913
25919
25925
25931
25937
25943
25949
25955
25961
25967
25973
25979
25984
25990
25996
26002
26009
26016
26022
26028
26034
26040
26046
26052
26058
26065
26071
26077
26083
26089
26095
26100
26106
26112
26118
26124
26130
26136
26143
26149
26156
26162
26168
26174
26180
26185
26191
26197
26203
26209
26215
26221
26228
26234
26240
26245
26251
26257
26263
26269
26275
26281
26287
26292
26298
26304
26310
26316
26322
26328
26334
26339
26346
26352
26358
26363
26369
26375
26381
26387
26393
26399
26405
26411
26418
26424
26430
26436
26442
26448
26454
26459
26466
26472
26478
26484
26490
26496
26502
26508
26514
26519
26525
26531
26537
26544
26550
26556
26562
26568
26574
26580
26586
26592
26598
26604
26610
26616
26622
26628
26634
26640
26646
26652
26659
26666
26672
26678
26684
26690
26695
26701
26707
26713
26720
26725
26731
26737
26742
26748
26754
26760
26766
26772
26778
26784
26790
26796
26802
26807
26813
26819
26826
26832
26837
26843
26849
26855
26861
26867
26873
26880
26885
26891
26897
26903
26910
26916
26922
26928
26935
26941
26947
26953
26959
26965
26971
26977
26983
26989
26995
27001
27006
27012
27019
27025
27031
27037
27043
27049
27056
27062
27068
27074
27080
27086
27092
27098
27104
27110
27116
27122
27128
27134
27140
27146
27152
27158
27164
27170
27176
27182
27188
27194
27199
27205
27211
27217
27223
27229
27235
27241
27247
27252
27258
27264
27270
27276
27282
27289
27294
27301
27307
27313
27319
27325
27330
27336
27342
27348
27354
27360
27366
27372
27379
27386
27391
27397
27403
27409
27414
27418
27424
27430
27436
27442
27448
27453
27459
27465
27471
27478
27484
27490
27496
27502
27508
27514
27520
27526
27533
27538
27544
27549
27554
27560
27566
27571
27577
27583
27589
27595
27601
27607
27613
27619
27625
27631
27637
27644
27650
27656
27662
27668
27674
27680
27686
27692
27698
27704
27711
27717
27723
27729
27735
27742
27748
27754
27760
27766
27772
27778
27785
27791
27797
27803
27809
27815
27821
27828
27834
27840
27846
27852
27858
27864
27870
27876
27882
27888
27894
27899
27904
27911
27917
27923
27929
27934
27940
27946
27952
27959
27965
27969
27974
27979
27985
27991
27997
28003
28010
28016
28022
28028
28034
28040
28046
28052
28058
28064
28070
28076
28081
28088
28094
28101
28106
28112
28118
28124
28130
28136
28142
28148
28154
28160
28166
28173
28179
28185
28190
28195
28201
28207
28213
28220
28226
28232
28238
28244
28250
28256
28262
28268
28273
28279
28285
28291
28297
28303
28309
28315
28321
28327
28333
28338
28344
28350
28356
28362
28369
28375
28381
28387
28393
28399
28405
28411
28417
28424
28430
28436
28441
28447
28453
28459
28465
28471
28477
28483
28488
28494
28500
28505
28511
28517
28524
28530
28537
28543
28549
28555
28561
28567
28573
28579
28585
28591
28597
28603
28609
28615
28621
28627
28633
28639
28645
28651
28657
28663
28669
28674
28680
28686
28692
28698
28704
28711
28717
28723
28728
28734
28740
28746
28752
28759
28764
28771
28776
28782
28789
28795
28801
28807
28813
28819
28825
28832
28838
28844
28850
28856
28862
28868
28874
28880
28886
28892
28898
28904
28910
28916
28922
28928
28934
28940
28946
28952
28958
28964
28970
28976
28983
28989
28995
29001
29007
29013
29019
29025
29031
29037
29044
29050
29057
29063
29069
29074
29080
29086
29092
29097
29103
29109
29114
29120
29126
29132
29137
29143
29149
29155
29161
29167
29173
29179
29185
29191
29197
29203
29209
29215
29221
29226
29232
29238
29244
29250
29256
29262
29268
29273
29279
29284
29290
29296
29301
29307
29313
29319
29325
29332
29338
29344
29350
29356
29362
29368
29374
29380
29386
29392
29398
29404
29410
29416
29423
29429
29435
29442
29448
29454
29460
29465
29471
29477
29483
29489
29495
29501
29507
29512
29518
29524
29530
29536
29542
29548
29554
29560
29566
29572
29578
29584
29590
29596
29602
29606
29613
29619
29625
29632
29638
29644
29650
29656
29661
29666
29672
29678
29684
29690
29696
29703
29709
29715
29721
29727
29733
29739
29745
29751
29757
29763
29769
29773
29778
29784
29790
29796
29802
29808
29814
29820
29826
29832
29838
29844
29850
29856
29862
29868
29874
29880
29886
29892
29898
29904
29911
29917
29923
29930
29936
29942
29949
29955
29961
29967
29973
29979
29986
29993
29999
30005
30011
30017
30023
30029
30035
30040
30047
30053
30059
30065
30071
30077
30083
30089
30095
30101
30107
30112
30118
30123
30129
30135
30141
30147
30154
30160
30166
30172
30178
30184
30190
30196
30202
30207
30213
30219
30225
30231
30237
30243
30249
30255
30261
30268
30273
30278
30283
30289
30295
30301
30307
30313
30319
30325
30331
30337
30344
30350
30357
30363
30369
30375
30381
30387
30393
30399
30405
30412
30418
30424
30430
30437
30443
30449
30455
30461
30467
30473
30478
30484
30490
30496
30502
30508
30514
30520
30526
30532
30538
30544
30550
30556
30562
30568
30574
30580
30586
30592
30598
30604
30610
30616
30622
30628
30635
30641
30647
30653
30658
30664
30670
30676
30682
30688
30694
30699
30705
30711
30718
30724
30730
30735
30741
30747
30753
30759
30765
30771
30777
30783
30790
30796
30802
30808
30814
30820
30826
30832
30838
30844
30850
30855
30861
30867
30873
30879
30885
30891
30897
30903
30909
30915
30919
30925
30931
30938
30944
30950
30956
30962
30966
30972
30978
30984
30990
30996
31001
31007
31013
31019
31026
31032
31038
31043
31049
31055
31061
31067
31073
31080
31086
31091
31097
31103
31109
31115
31121
31127
31133
31139
31145
31152
31158
31164
31170
31175
31181
31187
31193
31198
31204
31210
31216
31222
31228
31234
31240
31246
31252
31259
31265
31271
31277
31283
31289
31295
31301
31307
31313
31318
31324
31330
31336
31342
31348
31354
31360
31366
31372
31378
31384
31390
31396
31402
31408
31414
31420
31425
31431
31436
31443
31449
31455
31461
31467
31473
31479
31485
31491
31497
31503
31509
31515
31522
31528
31534
31540
31546
31552
31558
31564
31570
31576
31582
31588
31594
31600
31606
31612
31618
31624
31629
31635
31641
31648
31654
31660
31666
31672
31678
31684
31691
31698
31704
31710
31716
31723
31729
31735
31741
31746
31752
31758
31764
31770
31777
31783
31789
31795
31801
31805
31809
31815
31820
31825
31831
31837
31843
31849
31855
31861
31867
31873
31879
31885
31891
31897
31904
31910
31916
31922
31928
31934
31940
31946
31952
31958
31964
31970
31976
31982
31988
31995
32001
32007
32013
32019
32025
32030
32036
32042
32048
32054
32060
32066
32072
32077
32083
32088
32094
32100
32106
32112
32118
32124
32130
32136
32142
32148
32153
32159
32165
32171
32177
32183
32189
32195
32201
32206
32212
32218
32224
32230
32236
32242
32248
32254
32260
32266
32273
32279
32285
32291
32298
32304
32310
32316
32322
32328
32334
32340
32346
32352
32358
32364
32370
32376
32382
32388
32394
32400
32404
32410
32414
32420
32426
32432
32437
32443
32450
32456
32462
32468
32474
32480
32486
32492
32498
32504
32510
32516
32522
32528
32534
32540
32546
32552
32558
32564
32570
32576
32582
32588
32594
32600
32606
32612
32619
32625
32631
32637
32643
32649
32655
32662
32668
32674
32679
32685
32691
32697
32703
32709
32715
32721
32727
32733
32739
32745
32751
32757
32763
32770
32776
32782
32788
32794
32800
32806
32812
32818
32824
32830
32836
32842
32847
32853
32859
32865
32870
32876
32882
32888
32894
32901
32907
32913
32917
32923
32929
32933
32939
32945
32951
32957
32963
32969
32975
32981
32987
32993
32999
33005
33011
33017
33023
33029
33035
33041
33047
33053
33059
33065
33071
33076
33082
33088
33094
33099
33105
33111
33117
33123
33129
33135
33142
33148
33154
33159
33165
33172
33178
33183
33189
33195
33201
33207
33213
33219
33226
33232
33238
33244
33250
33256
33262
33268
33274
33280
33285
33291
33297
33303
33309
33313
33319
33326
33332
33336
33343
33349
33356
33362
33368
33374
33380
33386
33392
33398
33404
33410
33416
33422
33429
33435
33441
33447
33453
33459
33465
33471
33477
33483
33489
33495
33500
33506
33512
33518
33524
33530
33535
33541
33546
33552
33558
33564
33571
33577
33583
33589
33595
33601
33607
33611
33617
33623
33628
33634
33640
33647
33653
33659
33663
33669
33675
33680
33686
33692
33698
33704
33710
33716
33722
33728
33734
33740
33746
33752
33758
33764
33770
33776
33782
33789
33795
33801
33807
33812
33818
33824
33830
33836
33842
33848
33854
33860
33866
33870
33876
33882
33888
33894
33900
33906
33912
33918
33922
33928
33934
33940
33946
33952
33958
33964
33970
33976
33982
33988
33994
34000
34006
34012
34018
34023
34029
34036
34042
34048
34054
34060
34066
34073
34080
34086
34092
34098
34102
34108
34114
34120
34126
34133
34138
34142
34148
34154
34160
34165
34171
34177
34183
34189
34195
34201
34207
34213
34219
34224
34230
34236
34242
34248
34251
34257
34263
34269
34275
34282
34288
34294
34300
34304
34310
34316
34322
34328
34334
34340
34345
34351
34357
34363
34368
34374
34381
34387
34393
34399
34405
34411
34417
34423
34429
34435
34439
34445
34451
34457
34463
34469
34475
34481
34484
34491
34497
34503
34509
34515
34521
34527
34533
34537
34543
34549
34555
34561
34565
34571
34577
34583
34589
34595
34601
34606
34612
34618
34624
34628
34632
34638
34644
34650
34656
34662
34668
34674
34680
34686
34690
34696
34702
34706
34712
34718
34722
34728
34734
34738
34744
34750
34755
34760
34766
34770
34776
34782
34786
34789
34794
34799
34804
34807
34811
34814
