7
7
8
8
8
9
8
9
9
10
9
9
10
10
10
10
10
11
11
11
11
11
11
12
12
12
12
12
12
11
11
12
12
12
12
12
12
12
12
12
12
12
12
11
12
12
12
11
11
11
11
12
12
11
11
11
12
10
11
12
10
11
11
10
10
12
8
10
12
10
11
11
9
10
9
9
9
12
8
11
10
12
10
12
11
10
9
9
12
10
11
9
8
10
11
9
9
8
10
12
9
8
8
11
10
8
11
7
9
10
7
9
10
8
8
9
7
7
7
8
9
7
7
8
9
7
7
8
7
7
7
10
9
8
11
7
10
8
9
7
10
8
9
8
9
10
10
11
9
9
10
11
10
7
10
8
8
7
10
10
8
9
9
8
11
7
7
8
10
10
7
9
8
7
7
7
8
8
10
11
7
9
8
6
9
8
9
8
8
9
10
7
9
7
10
11
8
8
7
7
7
9
6
8
6
7
9
8
8
7
7
8
10
11
10
8
6
11
7
9
8
7
8
8
7
7
7
8
7
7
7
9
7
10
9
7
9
11
8
8
8
9
10
8
10
11
