7
8
7
8
7
7
9
8
8
7
9
9
8
7
7
10
10
8
9
8
8
8
11
10
9
9
9
9
9
11
10
9
10
10
11
10
10
10
11
12
11
11
11
11
12
12
12
12
12
12
12
11
12
12
12
11
12
11
10
12
12
11
10
11
11
10
12
9
12
10
11
9
10
10
8
11
9
12
10
12
9
9
9
10
11
11
8
9
12
8
10
8
12
10
8
11
11
8
8
12
9
9
10
12
7
10
7
7
11
7
8
9
12
11
10
9
7
12
10
11
8
12
10
8
9
9
11
10
12
11
8
9
10
12
11
9
12
10
7
8
11
9
12
11
12
10
10
11
12
12
11
12
9
6
9
6
11
7
9
9
8
7
10
7
11
7
6
9
8
8
7
8
6
7
7
10
7
10
11
7
10
9
6
7
7
10
9
10
8
8
7
8
7
7
10
6
9
8
6
10
6
11
7
8
8
9
10
