204
218
225
226
235
257
259
261
266
273
275
286
295
302
309
313
316
317
322
336
340
341
342
350
353
359
362
365
370
377
379
381
390
393
396
405
406
409
412
419
423
424
425
434
439
441
447
453
454
460
464
472
475
482
485
488
490
493
494
507
508
510
514
520
524
526
533
534
542
550
554
555
556
558
562
563
568
570
576
584
586
590
598
603
611
616
617
621
623
627
633
642
643
645
647
653
665
669
671
673
676
685
689
694
695
698
711
714
719
726
730
738
742
744
751
758
759
761
764
766
769
771
781
788
791
792
797
808
813
815
827
831
833
835
846
847
849
852
853
860
865
866
884
895
896
906
911
912
916
917
920
921
924
932
934
944
946
959
969
975
993
998
1000
1006
1008
1010
1016
1019
1026
1040
1045
1047
1060
1074
1082
1083
1091
1094
1101
1107
1115
1123
1142
1146
1158
1199
1221
1229
1271
1301
1402
1490
518
1162
1422
399
403
535
1690
1532
796
1308
543
416
1314
1442
1445
1579
1324
1325
1582
1839
1200
429
942
819
432
1205
821
948
1462
829
957
706
1218
708
709
1346
838
712
962
1226
451
588
721
467
979
1492
599
1626
1374
607
864
1255
489
619
1259
626
1396
1524
1527
504
1401
1148
