204
218
225
226
235
257
259
261
266
273
275
286
295
302
309
313
316
317
322
336
340
341
342
350
353
359
362
365
367
370
377
379
381
390
393
396
399
405
406
409
412
416
419
423
424
425
429
434
439
441
447
451
453
454
460
464
467
471
472
475
482
485
488
490
493
494
507
508
510
514
516
520
524
526
533
534
542
550
554
555
558
562
563
568
570
576
584
586
590
598
603
611
616
617
621
623
627
642
643
645
647
653
665
669
671
673
676
685
689
694
695
698
711
714
719
726
730
738
742
744
751
758
759
761
766
769
771
781
788
791
792
797
808
813
815
827
831
833
846
847
849
852
853
860
865
866
884
895
896
906
911
912
916
917
920
921
924
932
944
946
959
969
975
993
998
1000
1006
1008
1010
1016
1019
1026
1040
1045
1047
1060
1074
1082
1083
1091
1094
1107
1115
1123
1142
1146
1158
1199
1221
1226
1229
1271
1301
1396
1402
1490
764
260
518
264
1401
1162
1422
400
403
535
1690
1532
796
1308
543
1314
1442
1445
294
934
296
1579
556
1324
1582
1325
1200
1839
942
819
430
1205
821
432
948
1462
829
957
706
1218
708
709
835
1346
712
838
328
329
588
1101
721
979
1492
599
1626
1374
607
864
1255
232
962
489
619
1259
363
364
626
1524
1527
504
633
1148
