3765
3782
3785
3789
3794
3795
3813
3823
3824
3825
3832
3837
3838
3849
3855
3859
3862
3873
3875
3879
3880
3883
3884
3885
3893
3895
3898
3910
3916
3917
3921
3925
3926
3927
3934
3935
3936
3937
3947
3948
3950
3951
3952
3955
3956
3963
3965
3967
3970
3974
3976
3978
3985
3987
3988
3990
3994
3996
4003
4005
4007
4010
4011
4012
4015
4016
4019
4020
4022
4024
4026
4028
4029
4035
4037
4038
4042
4046
4047
4048
4049
4050
4054
4055
4056
4058
4064
4069
4073
4074
4076
4078
4079
4085
4086
4087
4089
4091
4092
4093
4096
4097
4103
4108
4109
4110
4118
4120
4121
4124
4125
4127
4128
4129
4135
4141
4142
4145
4149
4150
4151
4152
4155
4157
4158
4159
4160
4161
4163
4164
4165
4169
4171
4177
4182
4187
4193
4195
4196
4197
4199
4200
4201
4202
4204
4205
4209
4213
4214
4216
4217
4220
4222
4223
4224
4228
4232
4240
4241
4242
4243
4244
4246
4247
4248
4249
4252
4254
4255
4256
4259
4275
4277
4279
4281
4282
4285
4286
4287
4288
4290
4292
4299
4300
4307
4308
4309
4311
4314
4319
4321
4328
4332
4333
4335
4341
4343
4344
4346
4351
4352
4360
4364
4366
4374
4381
4384
4395
4397
4398
4406
4414
4434
4441
4444
4447
4456
4457
4470
4489
4490
4492
4515
4524
4529
4547
4550
4574
3587
3972
3717
3590
3724
3728
3601
3602
3731
3858
3607
3736
3742
3743
3871
3617
3748
3750
3629
3630
3635
3643
3772
3773
3651
3780
3654
3659
3660
3915
3537
3793
3669
3544
3672
3554
3684
3687
3688
3563
3821
3567
3698
3699
3700
3573
3829
3705
3579
3708
