513
1026
515
516
1032
1546
524
526
1038
1040
1041
1042
2069
1559
542
1054
2593
1058
547
548
549
1059
1060
1534
1576
1579
558
1070
1074
1078
568
1081
1082
1083
2105
1087
2113
1090
2629
2118
585
1100
589
590
1105
594
1617
1109
2134
603
1115
1116
1122
616
1129
1640
1132
1139
629
630
1142
1146
1147
1659
638
1156
1157
1158
647
1162
1163
653
2186
1170
1171
1683
2197
663
1687
1178
1179
668
669
1690
672
1185
1191
1195
684
1718
695
1208
1212
1213
1215
1217
1218
1221
1223
713
714
1226
716
1227
719
2248
2255
1236
2261
1750
728
1239
733
1246
1255
751
1778
755
756
2291
759
766
2305
2306
1284
1797
774
1286
1287
1290
1291
780
1295
1808
1301
1815
1308
797
798
799
2342
808
1324
813
817
825
2361
2369
1859
1868
1357
846
848
1361
853
1364
1365
2392
1369
1374
866
867
2401
869
2408
1385
1897
876
1396
1908
888
2430
895
896
903
906
909
1422
911
1935
1425
2451
920
923
1444
1445
1957
2469
936
1449
430
432
946
1460
439
953
1978
958
447
959
1469
2500
969
1993
975
978
1490
469
471
985
475
987
992
993
482
2531
2023
1001
1002
493
2548
1527
1016
1019
1532
2045
1022
511
