5121
4611
5124
4614
5127
4616
4618
4619
5132
4623
5140
5141
4633
5147
4636
5148
4640
5158
4647
5160
5161
4650
4652
5164
4655
4656
4657
5168
4659
5169
5174
4665
4671
5186
4675
5191
5193
4683
4685
4686
5197
4691
4692
5203
4694
5204
4696
5205
4697
5215
4706
4708
4710
5223
4716
4722
4723
5239
5240
5112
4730
4732
4734
4735
4738
4739
4740
4742
4744
4751
4753
4756
4757
4758
4760
4761
4762
4764
4770
4774
4776
4777
4782
4784
4785
4786
4788
4790
4796
4799
4800
4802
4804
4805
4811
4813
4814
4815
4818
4819
4820
4821
4826
4828
4829
4833
4837
4838
4839
4842
4844
4851
4853
4855
4856
4862
4864
4866
4869
4871
4872
4873
4874
4879
4885
4886
4888
4889
4890
4893
4900
4901
4902
4904
4906
4911
4912
4913
4914
4918
4919
4920
4931
4933
4935
4936
4937
4939
4940
4946
4947
4948
4952
4960
4962
4965
4966
4970
4971
4974
4976
4978
4980
4981
4985
4988
4991
4997
4998
4999
5001
5002
5004
5006
4495
5008
5016
5018
5019
5030
5033
5034
5037
4527
5042
5044
4533
5045
4535
5047
4539
4540
5051
5052
4546
4548
5060
5063
5066
4556
5070
5072
4561
5075
4565
4566
5079
4569
5082
5085
4576
4577
5090
4580
4581
5092
5094
5098
5099
5103
5107
4596
4597
5108
4600
4602
5115
4606
