3076
3080
3592
3086
3091
3605
3606
1049
3610
3614
3615
1062
3623
3627
561
3639
569
578
1092
3144
1616
3153
3667
3167
3680
3173
1125
3180
3702
3192
2681
3196
3217
2717
3240
3250
690
702
703
707
2768
3286
2777
3291
1768
1256
1257
3307
2806
3321
3327
3330
3333
3339
2316
1292
3342
2830
3340
3347
2325
3355
2354
2866
2870
3386
3389
1864
3407
3412
855
856
861
2917
871
3453
382
3455
2946
902
2953
3465
2958
3471
3474
3475
3481
3484
1446
3495
3500
1454
2478
3504
3513
3518
3008
458
468
2527
3552
3041
3559
1511
1005
3056
3067
