1025
2057
2569
3094
1050
3100
1566
2081
552
2601
3112
1077
1080
573
2623
3136
1606
3146
2636
593
3163
2652
1631
613
1126
1127
3177
1131
2671
1137
3190
1143
1656
2682
2684
2173
1153
646
1671
1164
1165
1681
1682
1684
667
1181
1694
1695
3229
2213
678
2731
1713
3256
1209
2747
701
2240
2754
2252
718
3280
2257
2258
1235
1241
1247
736
2788
2793
2286
750
2294
765
2304
2820
777
778
786
2846
801
1313
807
809
810
1330
828
2877
1343
2882
1348
1355
844
2893
2394
862
2910
2920
1386
880
2932
901
2951
2963
2452
919
1434
928
929
943
2991
945
947
1465
956
2493
1474
3011
1476
966
3024
3029
982
983
984
996
3048
3057
1522
2549
