1538
2051
1539
1541
1547
2060
2063
2065
1555
2068
2071
2075
1564
1565
1567
1568
1571
2085
1573
2088
1578
1580
1583
2101
2102
1590
2104
2106
1597
1598
1600
1601
2114
2115
1603
1607
2124
1614
1615
1618
2131
2132
1622
2136
2139
2140
1629
1635
1636
2149
1639
1641
1642
2158
2159
1648
1650
2164
2165
1654
2168
2170
1662
1665
1666
1667
1669
2184
1673
1674
1676
1677
1678
1685
2198
1686
1693
1698
1702
1708
1711
1712
1715
1717
1719
1720
1725
1727
1733
1736
1740
1743
1744
1748
1749
1752
1756
1760
1762
1763
1766
1767
1769
1770
1776
1779
1780
1786
1787
1788
1789
1790
1792
1795
1800
1801
1804
1805
1298
1811
1813
1304
1305
1819
1821
1310
1824
1316
1829
1830
1833
1834
1835
1836
1837
1842
1334
1335
1849
1850
1341
1342
1857
1860
1349
1861
1862
1866
1867
1870
1873
1875
1879
1373
1886
1375
1887
1377
1888
1890
1383
1898
1900
1389
1902
1394
1907
1910
1911
1913
1914
1918
1410
1923
1412
1413
1924
1415
1926
1931
1421
1427
1941
1944
1946
1439
1953
1954
1956
1962
1452
1964
1455
1968
1458
1973
1463
1976
1468
1980
1984
1475
1990
1487
2000
2001
1491
1494
1495
2007
1497
2011
2012
1501
2015
2016
1510
2028
2030
1519
2034
1525
1526
2040
2041
1530
1531
2046
