817
845
869
887
888
909
910
923
933
935
936
958
960
978
986
987
992
1001
1002
1003
1022
1027
1030
1032
1036
1038
1041
1042
1043
1052
1054
1058
1059
1066
1068
1070
1076
1078
1081
1088
1090
1100
1105
1106
1109
1113
1116
1122
1129
1130
1132
1135
1139
1150
1156
1157
1163
1166
1170
1171
1178
1179
1183
1185
1191
1195
1197
1208
1212
1213
1217
1222
1223
1225
1227
1233
1236
1239
1240
1244
1246
1258
1262
1263
1272
1274
1281
1282
1283
1286
1287
1291
1295
1296
1306
1307
1309
1318
1320
1321
1332
1333
1351
1357
1358
1360
1361
1364
1366
1387
1399
1414
1416
1425
1444
1470
1537
1546
1548
2067
1556
1558
1559
1560
1561
1562
1570
1572
549
551
1576
1581
1592
2113
1095
585
589
591
592
594
1620
1621
2134
1624
1627
1628
1632
1640
1133
1136
625
628
629
630
1147
1659
636
638
1683
2197
1175
1176
663
664
666
668
672
680
1704
1706
683
1207
2233
699
1723
1724
1726
1216
1220
1732
710
713
716
720
725
1750
728
732
1250
1254
743
746
1261
752
1777
1778
2291
755
756
760
1284
773
774
1288
776
1802
780
1294
782
1807
787
1815
794
798
799
1825
802
812
1838
1329
1331
820
823
1336
825
1339
832
837
1350
1868
848
850
1365
1367
1368
1369
859
1373
1376
1379
1891
870
874
876
1390
878
1392
1393
1395
883
1908
891
1404
1406
898
1413
903
904
1418
1420
1424
1939
1428
918
1431
1948
1438
927
1440
1441
1957
1447
1449
1451
940
941
1455
1457
1460
1461
1464
952
953
1467
1469
1477
1481
1482
1993
970
1485
1486
1493
1495
1496
1499
1500
990
991
1505
1506
997
1514
1517
1009
1528
2045
1534
