2069
2105
2113
2134
2186
2197
2233
187
189
193
197
202
2255
2261
213
225
227
228
229
231
237
239
2291
251
2305
2306
260
263
266
268
269
273
276
2328
290
2342
294
296
299
300
303
2355
308
312
2361
314
313
316
319
320
2369
328
329
330
331
333
334
336
337
2392
345
344
349
350
352
2401
353
355
354
358
2408
362
363
364
367
369
2420
2421
2422
375
374
377
372
379
376
2430
385
388
390
392
393
394
395
398
400
402
2451
403
404
407
2456
409
2458
411
412
413
414
415
419
2469
422
421
425
2474
427
430
432
433
434
2484
437
436
439
438
440
442
445
447
448
449
2500
452
2503
2504
456
460
462
464
465
2514
469
471
2521
473
475
474
477
480
482
2531
483
485
484
486
487
2538
491
2541
493
497
498
2547
2548
499
502
506
508
2557
511
512
513
515
516
2568
521
522
524
526
2575
527
2577
530
529
2581
536
537
539
540
542
2593
546
547
2596
548
549
551
2600
545
553
2606
558
559
560
2610
567
568
2620
572
575
2624
577
2628
2629
582
583
580
585
589
590
591
592
2641
594
595
2644
596
602
603
2653
2657
609
614
616
2665
2668
620
622
2672
624
2676
2677
630
629
628
631
634
636
638
639
640
647
648
649
653
2703
2704
655
659
660
661
2713
2715
668
669
2718
2719
672
674
2725
677
679
682
684
686
687
2737
691
692
695
696
697
2757
713
714
715
717
719
727
728
731
733
734
735
737
2787
739
740
741
748
749
751
753
755
759
2808
763
766
2815
767
774
775
779
2828
780
783
784
785
789
793
795
797
799
803
804
805
806
808
813
816
817
818
824
825
826
2881
836
839
840
2889
841
2894
848
851
853
854
863
866
867
869
872
873
875
876
877
879
888
2948
2949
903
906
920
923
953
3004
969
978
985
3047
1002
1026
1041
1083
1087
1142
1147
1215
1217
1221
1284
1290
1301
1369
1385
1396
1460
1469
1490
1527
1546
1559
1576
1617
1640
1659
1683
1687
1718
1750
1778
1797
1815
1859
1868
1897
1908
1935
1957
1993
2023
2045
