3584
3075
3588
3593
2057
3595
3596
2569
3084
3597
3600
3089
3094
3608
3609
3611
3100
3616
2597
3622
3110
3621
3112
2601
3624
3628
3120
3637
3638
3642
3133
3646
3645
3648
3649
3650
2623
3136
3653
3143
3657
3145
3146
3658
2636
3665
3156
3668
3670
3673
3163
2652
3677
3686
3177
3689
3691
3179
3693
3694
3690
3692
3697
3182
2671
3190
3703
3706
3197
2173
3199
3713
3715
3203
3722
2699
3212
3725
3727
3216
3730
3733
3735
3738
3739
3228
3741
3229
2213
2731
3244
3760
3248
3762
3251
3766
3255
3256
3261
3775
3776
3263
2240
2752
2754
3264
3779
3783
3784
3273
3787
3792
3280
2258
3282
3803
3294
3295
3808
3809
2788
3301
2793
3820
3311
3315
3828
3827
2805
2294
3319
3320
3834
3835
3325
2304
3841
2820
3334
3335
3850
3853
3856
3345
2834
3356
3870
2846
3360
3361
3362
3363
3368
3377
3378
3891
3381
3382
3385
3899
2877
2878
3905
2882
3394
3909
3912
3913
3402
2893
3410
3414
3415
2905
2394
3419
2910
3425
3428
3429
2919
2920
3434
3439
3449
3451
3452
3457
3458
3464
3466
3470
2961
2963
3479
3482
2973
3486
3490
3493
2987
3501
2990
2991
3503
3511
3514
2493
3517
3011
3523
3524
3016
2505
3529
3531
3024
3539
3029
3541
3543
3545
3548
3551
3039
3042
3555
3560
3048
3049
3564
3568
3057
3569
3571
2549
3574
3580
3583
