5633
5637
5640
5641
5642
5644
4622
5135
5137
5649
5139
5650
5654
5145
4634
5152
5667
5671
5672
5674
5165
5678
5680
5684
5686
5687
5688
5179
5182
5185
5187
5699
5701
5706
5708
5198
5712
5714
5715
5718
5208
5723
5724
5730
5732
4709
5220
5736
5226
5741
5232
5744
5234
5746
5749
5237
5752
5755
5757
5245
5246
5248
5249
5761
5251
5766
5255
5256
5768
5769
5261
5775
5776
5263
4754
5268
5780
5270
5781
5783
5272
5786
5279
4768
5282
5796
5798
5799
5288
5289
5290
5806
5807
5299
5300
5302
5303
5817
5306
5818
5305
5310
5823
5824
5313
4801
5316
5318
5319
5323
5835
5325
5840
5329
5841
5333
5334
5336
4825
5338
5340
5853
5345
5348
5352
4840
5354
5356
5357
5360
5366
5370
5373
5374
5377
5378
5381
5382
5388
5390
5391
5394
5396
5403
5407
5408
4385
5412
5415
5417
5422
5425
5431
5433
4923
4924
5435
5438
5439
5442
5443
5444
5445
5448
4938
5460
4951
5464
4954
5466
5467
4958
5474
5475
5481
5483
5485
5486
5487
5488
5494
5499
4476
5502
5512
5514
5519
5520
5521
5522
5012
5527
5529
5530
5539
5549
5551
5041
5553
5557
5046
5558
5050
5562
5564
5566
5567
5570
5574
5062
5065
5067
5585
5077
5589
5595
5598
5602
5603
5604
5605
5606
5607
5619
4084
5622
5111
5116
5630
