2561
514
1543
520
3082
1552
533
534
1045
1047
2072
1053
3106
3109
550
1063
554
555
556
2603
1582
562
563
2615
570
1596
576
1089
2625
1091
1094
2630
584
3142
586
1101
1107
1619
598
2135
3161
1626
611
1123
1124
2659
2664
617
619
621
623
1649
626
627
1141
2678
633
1148
1663
2177
642
643
2689
645
1159
2706
2195
1174
2712
665
671
673
676
1189
1705
685
1199
1200
689
2736
1205
694
1206
2744
698
2235
2753
709
711
712
2761
1229
1741
721
726
730
1243
2780
1759
738
742
744
2281
2794
1259
2798
1775
758
1271
761
764
2302
769
771
2819
2312
1289
2824
781
2322
788
791
792
2329
796
1311
2847
1314
1827
2339
2850
2855
1832
1325
815
1839
2865
819
821
1337
2362
827
2876
831
2879
833
1346
835
838
1354
847
849
852
2903
1370
1883
860
864
865
2409
2930
884
2934
2935
2936
1401
1402
1919
2433
2953
1417
1933
912
916
917
1429
1943
921
2971
924
2974
1442
932
934
2988
942
1966
944
1970
2483
948
2485
1462
2486
2997
3002
2492
957
962
3012
460
1996
464
979
1492
3031
472
1503
485
3045
998
488
1000
2536
494
3055
1006
1518
1008
2544
1010
1524
3060
1014
2552
507
508
510
