4794
4813
4845
4847
4851
4860
4872
4876
4884
4892
4895
4899
4902
4909
4911
4919
4921
4934
4940
4942
4943
4945
4946
4948
4960
4966
4970
4977
4981
4982
4987
4988
4990
4995
4997
4999
5004
5008
5019
5024
5025
5027
5032
5033
5034
5038
5042
5045
5051
5060
5066
5070
5075
5078
5082
5083
5086
5088
5090
5091
5094
5098
5103
5107
5115
5119
5125
5126
5127
5132
5134
5140
5148
5160
5162
5163
5166
5169
5173
5177
5191
5200
5202
5204
5210
5216
5217
5227
5236
5242
5247
5252
5264
5266
5267
5281
5292
5294
5304
5308
5324
5328
5331
5346
5363
5372
5387
5397
5414
5437
5465
5473
5505
5536
5376
5393
5525
5398
5271
5413
5546
5168
5427
5429
5432
5441
5314
5457
5463
5239
5471
5351
5358
5495
5503
