0
1
2
3
4
5
6
7
8
9
10
11
12
14
15
16
17
19
20
21
23
24
26
28
29
30
31
32
33
34
37
39
40
42
44
47
48
49
50
52
54
55
56
58
59
61
62
64
65
67
70
73
74
76
77
78
81
82
83
86
87
88
89
90
92
96
97
99
100
101
105
106
107
109
111
113
117
118
119
120
121
122
123
128
129
130
133
134
138
141
142
143
146
147
149
150
151
153
154
156
157
161
163
166
168
173
175
176
178
180
189
190
192
193
194
197
198
201
202
203
209
212
213
223
227
228
229
232
236
237
238
239
243
251
258
260
263
264
268
269
272
276
282
290
294
296
297
299
300
303
308
319
328
329
330
334
337
344
363
364
369
375
400
402
403
407
430
432
437
469
513
514
515
516
645
647
521
523
524
526
533
663
536
664
666
409
542
544
672
673
547
548
549
419
551
680
554
558
559
562
434
439
568
442
571
699
447
449
584
585
716
589
590
591
720
592
594
460
462
464
471
600
472
473
475
477
482
483
485
616
617
491
493
508
367
625
628
629
630
506
507
636
511
