3008
3192
3605
3655
3656
3676
3707
3729
3757
3764
3767
3818
3869
3878
3882
3919
3984
4001
4006
4045
4088
4131
4134
4183
4245
4258
4320
4331
4371
4377
4415
4416
4453
4493
4518
4526
4532
4557
4572
4599
4603
4607
4632
4668
4679
4682
4724
4746
4763
4765
4808
4816
4836
4883
4887
4908
4949
4963
3076
4615
3592
3610
3614
3615
4638
4639
4642
4651
3627
4653
4663
4672
4673
4678
4684
4690
3167
4704
3680
3173
4711
4719
4210
4728
4731
4736
4737
4749
4755
4766
4771
4775
3240
4779
4269
4783
3250
4792
4793
4284
4797
4803
4812
4817
4824
4835
4843
4849
4850
4858
4865
3333
4358
4870
4362
4875
3339
2830
3342
4881
4882
3860
4891
3355
3868
4897
2866
4917
4922
3389
4927
4928
4421
4427
3407
4961
2917
4973
4464
3453
4479
4494
3471
3474
3481
4514
3500
2478
3513
4538
4040
4044
4559
3559
4588
4077
4598
3067
