4959
4968
4979
4985
5005
5006
5009
5017
5018
5023
5024
5029
5035
5037
5044
5045
5047
5052
5054
5057
5060
5066
5070
5072
5075
5076
5079
5081
5083
5085
5090
5095
5098
5099
5102
5103
5107
5108
5109
5112
5115
5120
5121
5124
5126
5127
5130
5131
5132
5140
5141
5142
5143
5147
5148
5150
5155
5157
5158
5159
5160
5161
5163
5164
5166
5167
5168
5169
5170
5173
5174
5177
5180
5181
5184
5186
5189
5191
5192
5193
5196
5197
5200
5201
5202
5203
5204
5205
5210
5211
5214
5215
5216
5217
5218
5219
5223
5224
5225
5227
5229
5232
5234
5235
5236
5239
5240
5242
5244
5245
5247
5248
5249
5250
5252
5253
5255
5256
5257
5258
5259
5260
5264
5266
5267
5268
5270
5271
5273
5275
5276
5278
5281
5282
5286
5288
5290
5292
5293
5294
5296
5297
5299
5300
5301
5302
5304
5306
5308
5310
5311
5313
5314
5315
5316
5319
5321
5323
5324
5327
5328
5329
5330
5331
5332
5336
5337
5340
5341
5345
5346
5348
5349
5350
5351
5352
5353
5354
5356
5363
5366
5370
5371
5372
5373
5374
5375
5376
5378
5379
5380
5384
5386
5387
5389
5390
5391
5394
5396
5397
5400
5403
5407
5409
5410
5412
5413
5414
5415
5419
5421
5422
5423
5424
5427
5428
5433
5434
5437
5438
5440
5442
5443
5444
5445
5448
5452
5453
5455
5456
5459
5461
5465
5469
5472
5473
5474
5476
5478
5479
5480
5481
5485
5486
5487
5488
5497
5500
5504
5505
5506
5507
5508
5509
5513
5514
5516
5521
5522
5526
5529
5534
5536
5537
5543
5545
5550
5552
5553
5554
5558
5563
5564
5598
5602
5604
5622
5623
5628
5633
5637
5638
5641
5643
5645
5646
5654
5657
5658
5663
5666
5667
5669
5670
5671
5672
5678
5686
5688
5689
5691
5692
5693
5696
5698
5699
5701
5705
5706
5708
5712
5713
5714
5717
5720
5721
5722
5727
5730
5732
5733
5736
5738
5741
5742
5743
5744
5745
5746
5750
5757
5759
5760
5761
5763
5766
5767
5768
5769
5773
5776
5777
5781
5782
5785
5786
5789
5792
5793
5796
5797
5799
5802
5804
5807
5808
5810
5811
5812
5818
5820
5822
5824
5825
5829
5830
5832
5833
5837
5841
5843
5844
5845
5846
5849
5851
5854
5858
5859
5860
5861
5863
5864
5867
5869
5870
5874
5875
