1048
1072
1093
1118
1136
1144
1169
1175
1193
1207
1216
1230
1232
1250
1254
1265
1267
1288
1294
1298
1304
1331
1334
1335
1339
1351
1373
1375
1376
1377
1390
1399
1410
1412
1413
1414
1418
1431
1447
1452
1455
1458
1461
1467
1470
1477
1491
1494
1495
1497
1498
1500
1508
1512
1520
1525
1526
1530
1531
1541
1544
1549
1564
1565
1567
1569
1571
1573
1578
1594
1597
1598
1601
1603
1607
1612
1618
1635
1636
1637
1641
1642
1648
1654
1665
1669
1673
1676
1680
1693
1715
1272
1220
1095
1225
1194
1321
1228
1133
1261
1268
1270
1366
1176
1305
1307
1341
1310
