2048
1537
1544
1548
1549
2064
2067
1556
1558
1560
1561
1562
1563
2076
1569
1570
1572
1535
1581
2094
1586
1589
1592
1594
2108
2110
1604
1611
1612
1613
2128
1620
1621
2133
1624
1625
1627
1628
1630
1632
1637
2153
1643
1645
1653
1655
2167
1657
1664
1670
1672
1679
1680
2192
2193
1696
1697
2210
1700
1704
1706
1707
2219
1710
2223
1721
1722
1723
1724
2233
1726
2242
1731
1732
2244
1222
1738
1739
1233
1745
1240
2264
1244
1757
2273
2274
1765
1254
1258
2283
1261
1773
1262
2288
1263
1774
1777
1783
1272
1784
2297
1274
1281
1282
1283
1793
1794
1796
1288
2313
1802
1294
1807
1296
2326
2328
1306
1307
1309
1822
1825
1826
1318
2344
1321
1320
2348
1838
1329
1331
1332
1333
1845
1847
1336
1339
1854
1858
1350
1351
1863
1358
1360
1366
2390
1367
1368
1880
1376
1379
1891
1892
1894
2411
1387
2413
1390
2414
2416
2417
2418
1901
1392
1393
1905
1399
1395
1404
1917
1406
1921
1414
1416
1418
2442
1420
2445
2447
1424
2450
1939
1428
1940
1942
1431
1948
1438
1440
1441
1955
1447
2473
1451
2477
2480
1457
1971
1461
1974
1464
1467
1979
1470
1477
1481
1482
1485
2510
1486
2513
2002
1493
2006
1496
1498
1499
1500
2010
2013
1505
1506
1508
1512
1514
1517
1520
2545
2033
1528
2047
