1027
1030
1031
521
1033
1035
1036
1043
1044
536
1048
1051
1052
1055
544
1056
1057
551
1065
1066
1068
559
1071
1072
1073
1076
565
571
1085
1088
1093
583
1095
1098
587
591
592
1103
1104
1106
596
1108
1111
600
1113
1117
1118
1120
609
610
614
615
1130
620
1133
1134
1135
1136
625
628
1144
1145
634
635
636
1150
1151
1152
1154
644
648
649
1160
1161
654
655
1166
1169
658
659
660
1172
1175
664
1176
666
1183
1186
675
677
680
1192
1193
683
1194
1196
686
1197
1202
691
1204
1207
697
699
704
705
1216
1219
1220
710
1225
715
1228
717
1230
720
1232
1234
724
725
1237
727
731
732
737
1249
1250
743
746
747
748
752
753
1264
1265
1267
1268
1270
760
763
1277
767
772
773
775
776
779
782
783
787
790
794
795
802
803
806
811
812
816
818
820
823
824
826
832
834
837
839
845
850
854
857
859
868
870
873
874
877
878
879
881
883
886
887
891
893
897
898
904
905
910
915
918
922
925
926
927
930
933
935
938
939
940
941
950
952
960
961
965
968
970
972
976
981
986
988
989
990
991
997
999
1003
1004
1009
1011
1012
1013
1017
1021
