639
649
679
687
697
715
734
735
739
748
767
779
783
784
785
789
793
795
803
816
824
826
836
839
840
841
851
854
863
872
873
877
879
886
892
894
899
900
907
913
915
922
925
930
951
954
955
964
965
967
968
971
974
976
1007
1012
1013
1015
1017
1018
1020
1029
1034
1039
1055
1056
1061
1067
1069
1075
1084
1097
1099
1103
1104
1112
1114
1119
1128
1140
1149
1151
1155
1161
1167
1173
1177
1182
1184
1198
1201
1203
1210
1214
1224
1248
1251
1280
1293
1319
1024
1542
1031
1033
1037
1550
1551
1553
1021
1044
1557
1048
1051
1057
1575
1065
1577
2095
1071
1073
1593
1085
1599
1093
1605
1609
1098
1610
1102
1108
1111
1623
1120
1121
1633
2147
1634
2150
1134
1138
1652
1145
1661
1152
1154
1668
2181
2189
1172
1688
1186
1188
1703
1192
1202
1204
1716
1211
1729
1730
1219
1734
1231
1237
1238
1753
1242
1755
1245
1249
1252
1253
2276
1260
1264
1269
1275
1277
2301
1278
1279
1285
1798
1297
1299
1300
1302
1816
1312
1315
1317
1322
1326
1327
1328
1846
1338
1340
1852
1855
1344
1345
834
1347
1352
1363
1881
857
1371
1372
1378
1380
1381
1382
868
1384
1388
878
1391
1904
881
1397
1398
1405
893
1408
1409
897
1411
898
1922
905
1419
1426
918
1432
1435
1436
926
1443
1448
937
938
939
940
1453
1456
949
950
1466
1472
1473
961
1479
1480
1483
1484
972
1997
1489
981
988
989
990
1509
999
1513
2026
1515
1516
1004
1521
1523
1011
1529
1533
