1748
1756
1760
1766
1767
1770
1787
1788
1789
1790
1805
1806
1813
1821
1833
1834
1835
1836
1850
1853
1857
1866
1870
1875
1876
1878
1879
1890
1893
1900
1902
1903
1906
1911
1913
1915
1916
1923
1931
1932
1941
1945
1947
1951
1953
1954
1959
1962
1967
1973
1980
1981
1982
1985
1991
1992
2001
2003
2008
2011
2015
2017
2019
2020
2025
2030
2034
2037
2040
2044
2049
2055
2058
2059
2065
2068
2070
2071
2074
2084
2087
2090
2099
2101
2104
2114
2117
2121
2123
2130
2131
2132
2139
2141
2144
2146
2156
2159
2161
2165
2168
2174
2176
2179
2188
2196
2200
2211
2225
2230
