5524
5547
5594
3634
3863
5682
5691
4116
4313
4517
4720
4780
4916
5022
5133
5200
5221
5227
5236
5252
5267
5271
5276
5281
5287
5294
5304
5311
5315
5324
5331
5341
5349
5353
5361
5363
5371
5372
5375
5379
5380
5384
5386
5387
5389
5397
5400
5409
5410
5414
5413
5419
5421
5423
5424
5427
5428
5429
5437
5434
5432
5440
5441
5449
5452
5457
5456
5455
5453
5462
5459
5461
5463
5465
5469
5471
5472
5476
5473
5478
5482
5480
5479
5495
5489
5497
5500
5507
5506
5505
5504
5503
5508
5509
5511
5510
5513
5516
5518
5526
5525
5534
5537
5536
5541
5545
5544
5548
5543
5542
5546
5554
5552
5550
5556
5559
5561
5563
5568
5569
5573
5577
5576
5579
5581
5582
5591
5584
5588
5587
5592
5599
5600
5597
5596
5601
5609
5608
5613
5614
5615
5616
5618
5621
5623
5624
5626
5628
5629
5632
5634
5638
5646
5639
5645
5643
5651
5652
5653
5658
5657
5655
5660
5663
5665
5664
5666
5668
5669
5670
5673
5681
5696
5689
5690
5695
5692
5693
5694
5697
5698
5705
5704
5707
5709
5710
5716
5713
5717
5719
5720
5721
5722
5726
5727
5729
5733
5734
5735
5738
5737
5740
5742
5743
5745
5747
5748
5750
5751
5753
5754
5756
5758
5759
5760
5763
5765
5767
5771
5772
5773
5774
5782
5785
5788
5790
5800
5814
