3586
3587
3076
3590
3592
3086
3604
3605
3606
3607
3610
3613
3614
3617
4131
4134
4651
3627
3629
3630
3119
3635
3124
3125
4158
3651
3067
3655
3144
3656
3660
4173
1616
4689
4179
4183
3672
3676
3168
3680
3681
3684
3178
3180
3698
3699
4210
3192
2681
3707
4220
3196
3201
3717
4745
4236
3213
4237
3728
3217
3729
4245
3222
3227
3742
3745
4258
3237
3751
3240
4775
3245
3757
4269
3250
3763
3764
3767
3769
3259
3772
3773
4284
3778
3266
3780
4294
3275
2768
3793
3796
3286
3288
3291
4320
3298
1256
1768
3306
3307
3818
3821
4331
4848
4339
3317
2806
3318
3829
4346
4870
4358
3336
4362
1292
2316
2830
3342
3346
3347
3858
2325
3860
3350
4371
4377
3865
3354
3868
3869
3358
3871
3366
3878
3882
2354
2866
2870
3386
3389
3390
4416
3395
4421
3399
1864
3915
4427
3405
3407
3919
3412
3413
3924
3417
3418
4957
3421
4451
3942
3433
3436
3445
3957
4472
3453
3454
3455
4479
3460
3461
3462
3972
3465
3468
2958
3982
4494
3472
3984
3481
3485
4001
1446
3494
4006
3498
3500
4525
1454
2478
3504
3507
3508
3509
4025
3513
4538
3515
3516
4028
3008
3525
3528
4040
3532
4044
4045
3537
3544
3549
2527
4575
3552
3041
3554
1511
3559
3561
3565
4077
3567
3056
3573
3063
4088
4089
3579
