1539
1541
1544
1547
1035
1549
1043
1561
1563
1052
1569
1571
1573
1578
1066
1580
1068
1071
1072
1586
1589
1594
1597
1088
1601
1093
1607
1095
1098
1611
1612
1613
1614
1618
1106
1113
1117
1118
1635
1637
1641
1642
1643
1645
1133
1135
1136
1654
1144
1657
1145
1150
1664
1665
1669
1160
1672
1676
1677
1678
1679
1680
1169
1166
1175
1176
1693
1183
1697
1186
1700
1193
1194
1196
1197
1710
1708
1715
1207
1720
1212
1725
1727
1216
1731
1220
1219
1735
1225
1738
1739
1740
1228
1230
1232
1234
1240
1756
1757
1760
1761
1250
1763
1765
1254
1767
1770
1258
1261
1264
1265
1267
1268
1781
1782
1270
1784
1272
1787
1789
1277
1790
1283
1799
1288
1803
1805
1806
1294
1298
1813
1304
1305
1307
1309
1310
1826
1828
1316
1831
1833
1321
1835
1322
1834
1840
1331
1333
1334
1335
1850
1851
1339
1853
1341
1342
1856
1857
1349
1351
1356
1358
1870
1876
1878
1879
1366
1884
1885
1373
1375
1376
1889
1377
1890
1893
1383
1387
1389
1390
1903
1906
1394
1399
1913
1915
1916
1406
1410
1412
1413
1414
1415
1928
1418
1932
1421
1936
1937
1427
1431
1945
1947
1438
1951
1447
1959
1451
1452
1967
1458
1463
1468
1981
1470
1983
1475
1988
1989
1477
1482
2003
1494
1497
1498
1501
1506
1508
2020
1510
1512
1520
2032
2036
2039
1531
1535
