0
1
2
3
4
5
7
8
11
12
13
15
16
17
19
20
24
26
27
22
30
31
32
33
34
37
38
39
41
44
45
47
48
50
51
57
58
59
62
64
65
66
68
73
74
75
72
78
89
88
91
92
93
94
96
98
100
101
106
112
114
116
118
121
122
123
124
129
132
134
136
137
142
148
153
156
155
150
154
158
159
163
167
168
178
182
183
184
188
189
187
191
193
195
197
202
204
207
213
214
218
225
226
228
231
230
235
237
239
240
251
252
255
257
259
261
262
266
268
269
273
275
276
277
280
286
290
295
299
301
302
303
309
312
313
314
317
316
322
329
332
334
335
336
340
341
342
345
350
353
346
359
360
361
362
363
367
365
370
377
379
381
382
390
393
396
400
403
399
405
406
409
412
416
419
423
424
425
429
434
435
441
444
446
451
453
454
458
461
467
468
490
489
504
518
535
543
557
561
569
574
578
588
597
599
607
690
702
703
706
707
708
723
768
829
855
856
861
871
902
977
1005
1049
1062
1092
1125
1257
1471
347
