1599
1623
1658
1660
1675
1691
1714
1728
1730
1747
1764
1771
1772
1785
1812
1814
1817
1823
1843
1844
1848
1865
1871
1874
1877
1882
1899
1909
1912
1925
1929
1934
1938
1952
1963
1965
1975
1977
1987
2005
2014
2022
2024
2027
2031
2042
2050
2053
2083
2086
2089
2093
2103
2112
2122
2137
2142
2145
2155
2162
2183
2190
2191
2201
2207
2208
2215
2226
2232
2234
2250
2253
2259
2266
2267
2269
2271
2287
2298
2299
2303
2308
2309
2323
2324
2330
2331
2336
2337
2358
2360
2364
2370
2371
2372
2373
2379
2383
2395
2399
2410
2412
2415
2423
2424
2431
2440
2443
2453
2454
2459
2460
2461
2467
2475
2491
2499
2506
2509
2511
2516
2519
2522
2526
2534
2550
2558
2565
2584
2586
2587
2594
2617
