5123
5635
4613
5636
5647
5648
4630
5656
5146
5659
5149
5661
5151
5662
5154
4645
5675
5676
5677
5679
5171
5683
4661
5685
5178
5188
5700
5190
5702
5703
5195
5199
5711
5206
5212
5725
5728
4705
5731
5222
5739
5228
4601
4718
5233
5238
5241
5243
5762
5764
5254
5770
5262
5777
5778
5779
5269
5784
5274
5787
5789
5791
5792
5793
5794
5283
5795
5285
5797
5801
5802
5291
5803
5804
5805
5295
5808
5809
5298
5810
5811
4789
5812
5813
5815
5816
4795
5307
5309
5819
5820
5312
5821
5822
5825
5826
5317
5827
5828
5829
5830
5831
5832
5833
5834
5836
5837
5838
5839
5842
5843
5844
5845
5846
5335
5847
5848
5849
5339
5850
5851
5342
5343
5344
5852
5854
5347
5855
5856
5857
5858
5859
5860
5861
5355
5862
5863
4846
5359
5864
5873
5865
5866
5364
5365
5869
5870
5368
5872
5874
5875
4861
4863
4867
4359
5383
5385
4877
5392
4370
5395
5399
5401
5402
5404
4896
5411
5416
5418
5420
5426
4915
5430
4407
5436
4417
4932
5446
5447
5450
5451
5454
5867
5458
5868
4955
5468
5470
5871
4964
5477
5484
5490
5491
5492
5493
5496
5498
4989
5501
4996
5003
5515
5517
5010
5523
5528
5531
5532
5533
5535
5538
5028
5540
5040
5043
5555
5560
5565
5058
5571
5572
5575
5578
5068
5069
5580
5583
5586
5590
5593
5089
5096
5610
5611
5100
5612
5104
5105
5617
5620
5625
5627
4605
5631
