2749
2880
2986
3130
3198
3214
3257
3364
3370
3408
3427
3478
3510
3520
3536
3577
3582
3625
3695
3710
3723
3726
3768
3928
3968
3969
3989
3995
4014
4041
4181
4263
4273
4315
4317
4359
4370
4375
4407
4417
4463
4519
4530
4542
4601
4605
4613
4645
4661
4702
4705
4713
4718
4789
4795
4827
4841
4846
4861
4863
4867
4896
4910
4930
4932
4941
4950
4955
4964
4967
4972
4989
4992
4996
5003
5010
5013
5015
5017
5020
5028
5040
5053
5061
5068
5071
5073
5089
5096
5100
5101
5104
5105
5122
5123
5131
5146
5151
5154
5171
5190
5195
5199
5206
5228
5238
5243
5254
5269
5274
5295
5298
5312
5317
5339
5343
5365
5368
5383
5392
5401
5426
5430
5436
5446
5477
5484
5490
5523
4099
3588
5128
4617
4119
5144
4641
3618
3621
3632
3123
5172
4662
5176
5181
5183
3647
4162
4167
3658
5207
4699
5212
3685
3686
4712
5230
5231
4725
5241
3712
4743
4750
5265
3730
4253
5277
3231
5280
5283
3753
5291
5309
4798
3779
3272
4296
5322
4298
4810
3786
5326
4306
3800
5342
3807
4832
5347
3303
5359
5364
4854
5369
4857
4868
3844
3852
5395
5402
5404
4894
3361
4898
5416
3369
5418
3381
3902
4929
3906
5447
5450
5451
4429
4431
3923
4440
5468
3939
3941
3437
3442
5492
5493
5496
3451
3457
4482
3464
5531
5532
5533
4510
5535
3999
3496
3523
4043
4568
3545
5081
3548
3550
3558
4585
4589
4080
