1101
1148
1162
1200
1205
1218
1255
1259
1308
1314
1324
1325
1346
1374
1401
1422
1442
1445
1462
1492
1524
1527
1532
1579
1582
1617
1619
1626
1663
1687
1690
1705
1759
1797
1808
1827
1839
1859
1883
1897
1933
1935
1970
1978
1996
2023
2069
2072
2105
2118
2135
2186
2248
2261
2275
2281
2302
2306
2322
2329
2339
2367
2407
2420
2458
2468
2483
2485
2492
2514
2532
2536
2544
2557
2572
2575
2610
2625
2628
2630
2644
2664
2666
2668
2678
2694
2712
2713
2718
2736
2737
2751
2757
2761
2779
2790
2798
2808
2819
2824
2828
2848
2863
2874
2876
2879
2881
2903
2921
2933
2936
2938
2944
2948
2949
2974
2989
3001
3006
3009
3010
3031
3053
3055
3058
3059
3061
3069
3101
3107
3109
3113
3115
3118
3134
3155
3162
3170
3171
3174
1026
526
1040
2577
1047
542
2593
1060
558
1074
562
568
1082
1083
2620
1091
1094
584
590
1107
1115
603
1123
611
2662
616
617
2672
1142
1146
2690
645
1158
647
653
665
669
673
685
1199
2738
694
695
2743
2742
1221
1226
714
1229
719
726
730
738
2787
751
2799
758
2807
759
1271
761
766
2815
781
788
1301
791
792
797
2849
808
2857
813
815
2361
833
2889
846
2894
849
852
853
860
2401
865
866
2915
1396
884
1402
2430
2942
895
896
906
911
912
916
917
920
921
932
2469
944
946
2995
959
969
975
1490
2521
993
2531
998
1000
493
1006
1008
1010
1016
1019
508
