4578
4592
4606
4608
4615
4620
4639
4643
4646
4650
4653
4663
4669
4670
4673
4678
4690
4695
4696
4703
4704
4714
4719
4729
4731
4735
4736
4737
4744
4748
4755
4759
4766
4774
4777
4779
4786
4787
4792
4793
4797
4802
4807
4814
4817
4819
4820
4824
4833
4835
4838
4844
4850
4852
4853
4862
4864
4865
4869
4875
4878
4879
4886
4890
4893
4897
4900
4903
4905
4906
4912
4918
4925
4931
4935
4937
4947
4959
4962
4965
4980
4985
4991
5006
5009
5018
5029
5052
5120
5124
4614
4616
4618
4619
4623
5141
5142
5143
4632
5150
5153
5155
5157
5159
4647
5161
4652
5167
4655
4656
5170
4657
4659
5180
4668
4679
4682
4683
4685
4686
4692
4694
4697
4708
4711
4722
4723
4724
4730
4732
4740
4742
4746
4760
4762
4763
4765
4770
4782
4790
4799
4803
4805
4808
4815
4816
4818
4829
4836
4839
4849
4361
4873
4363
4883
4885
4887
4376
4891
4392
4394
4396
4908
4401
4913
4409
4410
4922
4926
4927
4420
4422
4939
4430
4433
4949
4438
4952
4953
4442
4956
4448
4449
4963
4969
4458
4971
4461
4462
4976
4978
4979
4468
4471
4983
4984
4477
4481
4993
4484
4998
4488
5000
5001
4491
5002
5005
4495
4496
4497
4501
4502
5014
5016
4506
4509
5021
5023
4512
4516
5030
5031
5034
5035
5036
5037
4527
4531
5044
4533
4535
5047
4539
4540
5054
5055
4545
4546
5057
4548
5059
5063
5064
4553
5066
4555
4556
5072
5076
4565
4566
5079
5080
5084
5085
4576
4577
4580
4581
5092
5093
5095
5097
5099
5102
5108
4597
5109
5113
5114
4603
5117
4607
