2049
2562
2054
2055
2568
2058
2059
2062
2574
2576
2580
2581
2070
2582
2585
2074
2588
2079
2591
2082
2551
2084
2596
2087
2600
2090
2602
2092
2606
2608
2609
2098
2099
2618
2619
2109
2621
2111
2624
2627
2116
2117
2121
2634
2123
2125
2641
2130
2647
2651
2141
2653
2143
2144
2654
2146
2655
2657
2658
2661
2151
2152
2663
2154
2665
2156
2161
2163
2676
2677
2680
2169
2683
2174
2687
2176
2178
2179
2693
2182
2696
2697
2188
2702
2703
2704
2194
2196
2199
2200
2203
2715
2206
2719
2721
2211
2212
2725
2726
2216
2217
2728
2729
2732
2733
2734
2225
2229
2230
2742
2236
2237
2748
2241
2246
1735
2247
2249
2759
2763
2764
2765
2254
2767
2256
2770
2771
2262
2774
2775
2265
2784
1761
2277
2279
2280
2282
2795
2284
2796
2797
2289
2802
1781
1782
2293
2296
2809
2810
2811
2300
2814
2310
1799
2823
2314
1803
2827
1806
2318
2319
2320
2832
2835
2837
2843
2844
2333
2334
2335
2851
1828
2340
1831
2343
2347
2861
2862
1840
2353
2355
2356
2357
2868
2359
2873
1851
1853
2365
1856
2886
2888
2377
2891
2381
2382
2384
2386
1876
2388
1878
2389
2901
2391
1884
1885
2396
2397
2398
1889
2908
2400
2909
1893
2911
2925
1903
1906
2931
2421
2422
1915
1916
2428
2943
2435
2438
2439
1928
2441
1932
2446
1936
1937
2448
2449
2456
1945
1947
1950
1951
1959
2472
2474
2476
1967
2479
2481
2484
2487
2488
1981
1982
1983
2494
1985
1988
1989
1991
1992
2503
2504
2507
1999
2512
2003
2515
2517
2518
2008
2017
2529
2019
2020
2021
2535
2025
2538
2541
2542
2032
2546
2547
2036
2037
2039
2553
2554
2555
2044
