1536
2050
2563
1540
1542
1545
2570
2061
1550
1551
1553
1554
2579
1557
2586
2083
1061
1575
1577
1067
2093
2095
1584
1585
1075
1588
2612
1587
1591
2103
1593
1084
1599
1602
1605
1610
1099
2122
2643
2646
1623
1112
1119
1634
1638
2150
1128
1644
1646
1647
2162
1651
1140
1652
1658
1660
1149
1661
1155
1668
1675
2189
1167
1173
1688
1689
1177
2201
1692
1691
1182
2209
1699
1703
2215
2220
1709
1198
1201
1714
1203
1210
1214
1728
1729
1730
1224
2251
2253
1742
1231
1746
1747
1238
1753
1755
2267
1245
1758
1248
1251
1252
1253
1764
2276
1771
1260
1772
2287
1785
1275
1278
1791
1280
1285
1798
1293
1297
1809
1299
1812
1302
1814
1816
1817
1823
1312
2336
2337
1315
1317
2341
1319
1322
1326
1327
1328
1841
2350
1843
1844
1848
1340
1852
1344
1345
2370
1347
2371
2375
1352
1865
1356
1871
1874
1363
1877
1881
1882
1371
1372
1380
1381
1382
1896
1899
1388
1391
1904
1397
1398
2423
1912
1403
1405
1408
1409
1922
1411
1925
2437
2440
1929
1419
1423
1938
2455
1432
2457
1435
1436
1952
1443
1448
1450
1963
1453
1965
1456
2482
1459
1972
1975
1466
1472
1473
1987
1478
1479
1480
2506
1484
1488
2516
2523
1502
2014
1507
1509
2024
1513
2026
2027
1515
1516
2031
1521
1523
1529
2043
