4608
4612
4615
4108
4620
4632
4125
4639
4643
4646
4134
4653
4663
4668
4669
4158
4670
4161
4673
4165
4678
4679
4682
4173
4690
4183
4695
4703
4704
3681
3684
4719
4209
3699
4724
4213
4729
4731
4220
4223
4736
4737
4746
4237
4240
4241
3728
4755
4242
4245
4243
4246
4248
4249
4763
4252
4765
4766
4255
4256
4258
4779
4275
4277
3767
4792
3769
4282
4279
3772
4285
3773
4286
4797
4288
4290
4292
3780
4294
4808
4299
4300
4816
4817
4307
4308
4309
4311
4314
4319
4320
4321
4835
4836
4327
4328
4331
4332
3821
4333
4335
3829
4343
4344
4346
4351
4352
4865
4354
4355
4360
4361
4363
4364
4366
4369
3858
4371
4374
4376
4377
3865
4379
3869
4381
3871
4384
3875
3878
4391
4392
4394
4395
4397
4398
4401
4404
4406
4409
4410
4411
4414
4415
4416
4420
3915
4427
4430
3921
4434
4441
4442
4444
4447
4448
4449
4451
4453
4455
4456
4457
4458
4461
3951
4464
4468
3957
4470
4471
3972
4484
3976
4489
4490
4491
4492
4493
4488
4495
3984
4497
4496
4509
4514
4515
4516
4518
4006
4007
4524
4526
4529
4531
4532
4535
4026
4028
4545
4547
4550
4553
4555
4557
4045
4049
4564
4566
4056
4572
4574
4578
4590
4591
4592
4086
4599
4088
4089
4598
4603
4606
4607
