3239
3253
3254
3267
3268
3270
3271
3279
3285
3289
3290
3292
3296
3298
3299
3304
3309
3310
3313
3314
3322
3326
3328
3329
3331
3332
3343
3349
3351
3352
3354
3359
3366
3371
3372
3373
3375
3379
3380
3383
3387
3396
3397
3400
3405
3406
3409
3411
3413
3416
3417
3418
3420
3426
3431
3438
3444
3445
3446
3447
3448
3454
3456
3459
3461
3462
3468
3473
3476
3477
3491
3492
3494
3498
3499
3505
3507
3508
3516
3519
3521
3522
3525
3528
3533
3534
3535
3537
3544
3546
3549
3554
3556
3562
3563
3565
3566
3567
3573
3575
3576
3579
3585
3587
3590
3591
3594
3598
3599
3601
3602
3604
3607
3613
3617
3619
3620
3629
3630
3631
3633
3635
3636
3640
3643
3644
3651
3654
3659
3660
3661
3664
3666
3669
3671
3672
3675
3679
3682
3684
3687
3688
3696
3698
3699
3700
3704
3705
3708
3709
3717
3718
3719
3720
3724
3728
3731
3732
3736
3742
3743
3748
3750
3756
3761
3772
3773
3780
3793
3821
3829
3858
3871
3915
3972
3840
3970
3974
3976
4108
3855
3988
3875
3876
3877
3879
3880
4007
3883
3884
4011
4016
4020
3765
3893
4026
4028
4285
3774
4158
4029
4165
3782
3785
3789
3917
3921
3794
3795
4049
3925
3799
3927
3801
4056
4089
3936
3937
3813
3947
3823
3951
3825
3952
4086
3832
3833
4346
4220
3837
3838
