348
374
388
395
415
422
427
433
442
449
452
462
473
474
477
483
491
498
502
506
511
513
515
521
522
523
530
536
540
544
546
547
548
549
551
559
560
565
567
571
575
583
585
587
589
591
592
594
595
600
609
610
614
615
620
625
628
629
630
634
635
636
638
644
648
654
658
659
660
663
664
666
668
672
675
677
680
683
686
691
699
704
705
710
713
716
717
720
724
725
727
728
731
732
743
746
747
752
755
756
760
763
772
773
774
775
776
780
782
787
790
794
798
799
802
812
817
820
823
825
832
837
845
848
850
859
869
870
874
876
878
883
887
888
891
898
903
904
910
918
923
927
935
940
941
952
953
970
978
990
1002
1041
1027
1030
1032
1163
1036
909
1038
1166
1042
1043
1054
1185
1059
933
936
1066
1068
1076
437
1078
958
960
1090
1109
469
1113
986
987
991
992
997
1001
1130
1003
1009
1022
