4646
4650
4656
4669
4670
4678
4694
4695
4696
4703
4704
4714
4729
4730
4731
4735
4736
4744
4748
4755
4759
4762
4766
4774
4777
4786
4787
4792
4793
4799
4802
4807
4814
4817
4819
4820
4824
4833
4835
4838
4844
4850
4852
4853
4862
4864
4869
4875
4878
4879
4886
4890
4893
4897
4900
4903
4905
4906
4912
4918
4922
4925
4926
4931
4935
4937
4947
4953
4956
4959
4962
4965
4979
4980
4983
4984
4985
4991
5005
5006
5009
5014
4608
5124
4614
4615
4616
4618
4619
4620
4623
5141
4639
4643
5157
4647
5161
4653
4655
4657
4659
4663
4673
4679
4685
4686
4690
4697
4719
4722
4732
4737
4746
4770
4779
4797
4816
4818
4865
4361
4363
4883
4376
4392
4394
4396
4401
4409
4410
4420
4422
4939
4430
4433
4949
4438
4442
4448
4449
4458
4461
4462
4976
4978
4468
4471
4477
4481
4484
4998
4488
5002
4491
4495
4496
4497
4501
4502
5016
4506
5018
4509
5023
4512
4516
5029
5030
5035
5036
4527
4531
5044
4533
4535
5047
4539
4540
5052
5054
4545
4546
5057
4548
5063
5064
4553
4555
4556
5072
5076
4565
4566
5079
5084
4576
4577
4578
4580
4581
5092
5095
5099
5102
4592
5108
4597
5114
4603
4606
4607
