4096
3585
4097
3591
4103
3594
4108
4109
3598
3599
3601
3602
4118
4121
4124
4125
4128
3619
3620
4141
3631
3633
4145
3636
4149
4150
3640
4152
3643
3644
4155
4159
4160
4161
4163
4165
3654
4169
3659
3661
3664
3666
4087
3669
3671
3675
3679
3682
4195
4197
3687
3688
4199
4200
4201
4202
4205
3696
4209
3700
4213
4214
3704
3705
3708
3709
4223
4224
3718
3719
3720
3724
3731
4244
4243
3732
4246
3736
4247
3737
4249
3740
3743
4255
4256
3748
3750
3752
3756
3761
4275
3765
4281
3771
4285
3774
4288
3777
3782
3785
4299
3789
3791
3794
3795
4309
3799
3801
3802
3806
3813
3814
3816
3823
3824
3825
4341
4344
3832
3833
3836
3837
3838
3840
3843
3848
3849
3855
3859
4374
3862
3866
3873
3875
3876
3877
3879
3880
3881
3883
3884
3885
4398
3890
3893
3895
3898
3907
3910
3914
3916
3917
3921
3925
3926
3927
3933
3934
3935
3936
3937
3940
3947
3948
3950
3951
3952
3955
3956
3963
3965
3967
3970
3974
3976
3978
3985
3987
3988
3990
3994
3996
4003
4005
4007
4010
4011
4012
4015
4016
4019
4020
4022
4024
4026
4029
3519
3522
4035
4037
4042
3533
3534
3535
4046
4049
4047
4048
4050
4054
4055
4056
3546
4064
3556
4069
4073
3562
3563
4076
3566
4078
4079
4086
3575
3576
4092
4093
