2305
2361
2392
2401
2430
2451
2469
2500
2503
2521
2531
2548
2577
2581
2593
2606
2620
2624
2629
2653
2657
2662
2665
2672
2677
2683
2690
2703
2704
2715
2719
2725
2726
2728
2729
2732
2734
2738
2742
2743
2748
2759
2763
2764
2765
2767
2770
2771
2774
2775
2784
2787
2795
2796
2797
2799
2802
2803
2807
2809
2810
2811
2814
2823
2827
2832
2835
2837
2842
2843
2844
2849
2851
2852
2857
2861
2862
2868
2873
2875
2886
2888
2891
2894
2896
2901
2904
2907
2908
2909
2911
2915
2925
2927
2929
2931
2942
2943
2950
2952
2959
2960
2964
2966
2969
2975
2977
2979
2982
2984
2992
2994
2995
3000
3003
3015
3017
3021
3023
3025
3027
3033
3036
3043
3044
3046
3050
3062
3066
3072
3073
3077
3081
3085
3092
3096
3099
3103
3105
3111
3117
3126
3135
3140
3148
3150
3164
3176
2562
2568
2572
2574
2575
2067
2069
2585
2596
2600
2602
1579
2608
2045
2610
2105
2618
2110
2113
2628
2118
2630
2634
2641
2644
1620
2134
2135
1621
2651
2654
2658
2153
2666
2668
2676
2687
2693
2694
2186
2193
2197
1687
2713
1690
2718
2737
2233
1726
2751
2242
1732
2757
2248
2255
2261
1750
2779
2273
2275
2790
2291
2808
2297
2815
2306
1797
2828
1808
2328
1825
2339
2342
1838
1839
2863
2355
2874
2365
2367
2369
2881
1859
2377
2889
1868
2391
2407
2408
1897
2420
2421
2422
1908
2938
2428
2944
2948
2949
2438
2446
1935
1939
2456
2458
1948
2468
2474
2484
2485
2487
1978
2494
3009
2504
1993
2507
2514
2013
2529
2532
2023
2538
2541
2542
2546
2547
2557
