3082
3106
3107
3109
3113
2603
3115
3118
3124
3134
3142
3161
3162
3168
3170
3171
3174
3178
3183
2678
2689
3201
3202
3211
3213
3215
3227
3230
3232
3237
2736
3253
3254
3259
3266
3268
3270
2761
3275
3279
3288
2780
3296
3298
2794
3306
2798
3313
3314
3318
3322
3329
2819
3336
2312
2824
3350
3351
3354
3358
2848
3366
2855
3371
3372
2863
2865
3379
2876
3390
2879
3395
3405
3411
3413
2903
3417
3418
3421
2921
2930
2933
2934
2935
2936
3445
2938
3454
2433
3460
3461
3462
3468
3485
2974
2988
2989
3507
3508
2997
3001
3002
3516
3006
3010
3525
3532
3031
3549
3045
2536
3055
3058
3059
3060
3061
3063
2552
3069
