2749
2880
2986
3130
3198
3214
3257
3364
3370
3408
3427
3478
3510
3520
3536
3577
3582
3625
3647
3695
3710
3723
3726
3768
3844
3928
3939
3968
3969
3989
3995
4041
4181
4263
4273
4315
4317
4359
4370
4407
4417
4463
4519
4530
4542
4568
4601
4605
4613
4645
4661
4699
4702
4705
4712
4713
4718
4750
4789
4795
4798
4810
4827
4832
4841
4846
4854
4857
4861
4863
4867
4868
4894
4896
4898
4910
4929
4930
4932
4941
4950
4955
4964
4967
4972
4989
4992
4996
5003
5010
5013
5015
5017
5020
5028
5040
5053
5061
5068
5071
5073
5081
5089
5096
5100
5101
5104
5105
5122
5123
5131
5144
5146
5151
5154
5171
5190
5195
5199
5206
5228
5238
5254
5269
5295
5317
5368
5369
5128
5265
4375
5274
4253
5277
3999
5280
5283
4014
5298
5172
5176
5181
5309
5183
5312
4167
5322
3786
5326
4431
3923
5207
5339
5212
5343
5347
4589
5230
5231
5359
4080
5364
5241
5243
