1095
1133
1136
1169
1175
1176
1207
1216
1220
1230
1250
1254
1261
1265
1267
1288
1294
1298
1304
1305
1331
1334
1335
1339
1341
1373
1375
1376
1377
1390
1410
1412
1413
1418
1431
1447
1452
1455
1458
1461
1467
1477
1491
1494
1495
1497
1498
1500
1508
1512
1520
1525
1526
1530
1531
1541
1544
1549
1564
1565
1567
1569
1571
1573
1578
1594
1597
1598
1601
1603
1607
1612
1618
1635
1636
1637
1641
1642
1648
1654
1665
1669
1673
1676
1680
1693
1715
1537
1027
1030
1031
1035
1036
1043
1555
1048
1051
1052
1059
1066
1068
1071
1072
1076
1085
1088
1093
1098
1106
1109
1113
1117
1118
1120
1130
1134
1135
1144
1145
1150
1154
1160
1163
1166
1172
1183
1185
1186
1192
1193
1194
1196
1197
1202
1212
1213
1219
1225
1228
1232
1234
1236
1237
1240
1244
1249
1258
1263
1264
1268
1270
1272
1277
1278
1281
1283
1296
1297
1307
1309
1310
1316
1318
1321
1322
1328
1332
1333
1342
1344
1349
1350
1351
1356
1358
1366
1368
1371
1382
1383
1387
1389
1392
1394
883
1397
1399
1403
1404
1406
898
1414
1415
904
1421
1423
1424
1427
918
1438
927
1439
939
940
941
1451
1459
952
1464
1468
1470
961
1475
1481
970
1482
972
1487
986
989
990
991
1506
997
1510
999
1514
1004
1519
1009
1011
