868
893
905
938
950
972
981
988
999
1011
1021
1033
1044
1048
1051
1057
1065
1072
1073
1085
1093
1098
1108
1111
1118
1120
1134
1144
1145
1152
1154
1160
1172
1186
1192
1193
1194
1196
1202
1204
1219
1228
1232
1234
1237
1245
1249
1260
1264
1268
1270
1275
1277
1278
1297
1302
1310
1312
1315
1316
1322
1328
1340
1342
1344
1347
1349
1352
1356
1363
1371
1381
1382
1383
1388
1389
1391
1394
1397
1403
1408
1411
1419
1421
1423
1427
1432
1435
1439
1448
1450
1456
1459
1468
1472
1475
1478
1479
1480
1487
1488
1501
1502
1507
1509
1510
1513
1515
1519
1521
1529
1536
1538
1540
1545
1547
1553
1554
1555
1568
1580
1583
1584
1587
1588
1590
1591
1600
1602
1615
1622
1629
1638
1639
1644
1646
1647
1650
1662
1666
1667
1674
1685
1689
1692
1698
1699
1717
1742
1744
1746
1791
1280
897
1155
1031
1161
1293
1169
1298
1173
918
1304
1177
1305
925
926
1055
1056
930
1061
1319
939
940
1453
1198
1071
1207
1210
1466
1341
1214
961
1224
968
1230
1103
1104
976
1112
1372
1117
990
1119
1248
989
1250
1251
1004
1265
881
1267
1012
1013
886
1017
1151
