4608
4612
4100
4615
4105
4107
4620
4110
4113
4117
4120
4123
4639
4127
4129
4643
4132
4133
4646
4135
4138
4653
4142
4143
4146
4148
4663
4151
4669
4670
4157
4164
4678
4166
4170
4171
4172
4174
4177
4690
4180
4182
4695
4184
4186
4187
4703
4704
4193
4194
4196
4198
4714
4203
4204
4207
4216
4729
4217
4731
4218
4221
4222
4736
4226
4228
4230
4232
4234
4235
4748
4240
4241
4242
4759
4248
4250
4252
4766
4254
4257
4259
4262
4267
4268
4271
4272
4787
4277
4279
4793
4282
4283
4286
4287
4290
4292
4807
4295
4297
4300
4301
4303
4304
4305
4307
4308
4310
4311
4314
4319
4321
4327
4328
4329
4332
4333
4334
4335
4337
4338
4340
4343
4345
4351
4352
4354
4355
4360
4361
4363
4364
4366
4367
4368
4369
4372
4373
4376
4379
4380
4381
4384
4391
4392
4394
4395
4396
4397
4399
4400
4401
4402
4404
4406
4409
4410
4411
4413
4414
4420
4422
4430
4433
4434
4437
4438
4439
4441
4442
4444
4446
4447
4448
4449
4455
4456
4457
4458
4461
4462
4468
4470
4471
4477
4478
4480
4481
4484
4487
4488
4489
4490
4491
4492
4496
4497
4501
4502
4506
4509
4511
4512
4515
4516
4524
4529
4531
4532
4545
4547
4550
4038
4553
4039
4555
4051
4564
4058
4574
4578
4068
4070
4074
4075
4590
4591
4592
4081
4085
4091
4607
