1538
2052
2053
1540
1545
2066
1554
2078
1568
2086
2089
1583
1584
1585
1587
2100
1588
1591
2112
1600
1602
2120
1615
2137
1629
2145
1638
1639
1644
2157
1646
1647
1650
1651
2172
1660
1666
1667
2183
1674
2190
1685
1689
1692
2208
1698
1699
1702
1709
1711
2228
1717
1728
1733
1742
1743
1744
1746
1747
1749
1758
1769
1771
1776
1779
1785
1786
1791
1795
1801
1809
1811
1812
1819
1823
1830
1837
1841
1844
1860
1861
1862
1865
1869
1874
1882
1888
1895
1898
1899
1909
1912
1914
1920
1925
1930
1934
1946
1949
1952
1960
1969
1975
1977
1986
1987
1995
2004
2005
2009
2018
2022
2027
2029
2042
