3008
3192
3250
3333
3339
3342
3355
3407
3453
3513
3559
3605
3655
3656
3676
3680
3707
3757
3764
3767
3818
3869
3878
3882
3919
3984
4001
4006
4045
4088
4131
4134
4183
4245
4258
4320
4331
4371
4377
4415
4416
4427
4453
4464
4493
4514
4518
4526
4532
4557
4559
4572
4598
4599
4603
4607
4615
4632
4639
4642
4653
4663
4668
4672
4673
4679
4682
4690
4711
4719
4724
4737
4746
4749
4763
4765
4779
4797
4803
4808
4816
4836
4849
4865
4883
4887
4908
4949
4963
4736
3076
4358
4870
3592
4362
4875
2830
4494
3471
3729
4881
4755
4882
3860
3474
3481
3610
4891
3868
3614
4638
3615
4766
4897
4771
4775
3240
4651
3627
4269
3500
4783
2478
2866
4917
4792
4793
4922
4538
4284
3389
4927
4928
4421
4678
3067
4040
4684
4812
4044
4817
4824
3167
4704
4961
4835
3173
2917
4843
4588
4973
4077
4210
4850
4728
4858
4731
4479
