5158
5186
5197
5204
5205
5215
5223
5236
5239
5240
5255
5256
5271
5276
5288
5290
5304
5311
5313
5315
5316
5323
5336
5340
5348
5349
5352
5353
5371
5375
5379
5384
5386
5389
5400
5409
5410
5419
5421
5422
5423
5424
5428
5434
5440
5444
5445
5448
5453
5455
5456
5459
5461
5469
5472
5474
5476
5478
5479
5480
5481
5483
5485
5486
5487
5488
5497
5500
5504
5507
5508
5509
5510
5513
5514
5516
5521
5522
5526
5527
5529
5530
5534
5537
5542
5544
5545
5550
5552
5553
5554
5558
5563
5564
5566
5567
5569
5570
5579
5581
5584
5588
5589
5591
5592
5598
5602
5604
5606
5607
5609
5613
5616
5618
5622
5628
5633
5637
5638
5641
5642
5643
5645
5646
5649
5654
5657
5663
5666
5667
5670
5671
5672
5678
5688
5691
5693
5696
5699
5701
5706
5712
5717
5722
5741
5745
5121
5124
5125
5127
5132
5134
5140
5141
5147
5148
5150
5157
5160
5161
5162
5164
5166
5168
5169
5173
5174
5189
5191
5193
5200
5203
5210
5216
5227
5234
5242
5247
5248
5252
5266
5267
5281
5282
5294
5308
5324
5331
5341
5346
5363
5372
5376
5387
5393
5397
5413
5427
5429
5457
4952
4971
4976
4978
4991
4998
4999
5001
5002
5004
5016
5019
5030
5033
5034
5037
5042
5044
5045
5047
5051
5060
5063
5066
5070
5072
5075
5079
5082
5085
5090
5091
5092
5094
5098
5099
5103
5107
5108
5112
5114
5115
