4609
4626
4627
4629
4631
4637
4644
4648
4649
4660
4667
4674
4677
4680
4681
4687
4693
4698
4701
4707
4715
4717
4721
4726
4727
4733
4738
4741
4751
4752
4753
4758
4761
4764
4772
4778
4784
4788
4791
4280
4794
4796
4804
4809
4811
4813
4822
4826
4828
4830
4834
4325
4842
4845
4847
4851
4342
4856
4871
4872
4874
4876
4365
4884
4888
4892
4382
4895
4899
4901
4902
4390
4911
4914
4919
4408
4418
4933
4934
4423
4425
4426
4428
4940
4942
4943
4945
4946
4948
4960
4452
4966
4970
4460
4974
4465
4467
4981
4475
4987
4988
4990
4995
4483
4997
5008
4498
4504
4508
4513
4520
4521
4541
4543
4544
4552
4554
4562
4579
4583
4584
4587
4594
4595
4604
