3072
3073
3077
3081
2572
3085
2575
2577
3092
3096
3099
3101
3103
3105
3107
3111
3113
3115
3117
3118
2610
3122
3126
2620
3134
3135
3138
2628
3140
3148
3150
3151
3069
3155
2644
3157
3162
3164
3165
3170
3171
2662
3174
3175
3176
2666
2668
3183
2672
3187
3188
3189
3191
3200
2690
3202
3205
2694
3207
3211
3215
3219
3224
2713
3225
2718
3230
3232
3233
3234
3239
3243
3246
2737
2738
3249
3253
3254
2743
3260
2751
3267
3268
2757
3270
3271
3274
3279
3285
3289
3290
2779
3292
3296
2275
2787
3299
2790
3304
3309
3310
2799
3313
3314
2803
2807
2808
3322
3326
2815
3328
3329
3331
3332
2828
3343
3349
3351
3352
2842
3359
2848
2849
2852
2857
3371
3372
3373
2863
3375
3379
3380
3383
2874
2875
3387
2367
2881
3396
3397
3400
2889
2894
3406
2896
3409
3411
3416
2904
2907
3420
3426
2915
2407
3431
2921
3438
2927
2929
2420
3444
2933
3447
3446
3448
2938
2942
3456
2944
3459
2948
2949
2950
2952
2959
2960
3473
2964
3477
2966
3476
2969
2458
2975
2977
2979
2468
3492
3491
2982
2984
3499
2989
2992
3505
2994
2995
3000
3001
3003
3004
3006
3521
3009
3010
3015
3017
3021
3023
3025
2514
3027
2521
3033
3036
3043
2532
3044
3046
3047
3050
3053
3058
3059
3061
3062
3066
2557
