5120
3080
5129
3083
5136
5138
3091
4628
5142
5143
4632
2589
4638
5150
3615
5153
4642
5155
5156
5157
2595
5159
3623
4140
5167
3121
5170
2611
5175
3639
4664
4668
5180
1086
4672
4673
5184
4676
5189
4679
5192
4682
5194
4684
5196
5201
3153
3667
3070
5209
5211
604
5213
5214
3167
3581
5218
5219
3173
4711
5224
5229
4206
4719
5235
4724
3702
4728
5244
4737
5250
641
5253
5257
4746
5258
5259
4749
5260
4233
652
2705
3218
4755
4763
5275
4765
5278
1180
2717
670
4769
4771
5284
4773
5286
4779
3755
5293
4783
5296
5297
5301
4792
4797
4803
4808
5321
4812
5327
4816
4817
5330
5332
1751
4824
5337
4823
2777
3810
4835
4836
5350
4326
4330
4843
3819
4849
4850
5362
4852
3321
4858
4859
3327
4865
3330
3333
3845
3846
4875
3339
3340
4878
4880
4881
4882
4883
4887
4891
3355
5405
4897
4903
4905
4907
4908
3374
4917
3897
4922
4925
4926
4415
4927
4928
830
2366
1353
3401
4944
1362
4949
4953
858
4443
4956
3932
4959
4961
4963
4453
2917
4969
4973
4975
4464
4979
4983
4984
889
3962
4473
4986
1407
4993
2946
4994
5000
908
4493
5005
5007
3471
5009
3474
5011
3475
5014
1430
3484
5021
5023
4514
5026
931
5029
4518
5031
3495
1961
5035
5036
4526
5039
5048
5049
4537
443
5054
5055
3518
5057
5056
5059
5064
4557
4559
4560
5074
466
5076
3540
5080
3547
4572
5084
2525
5087
4063
503
5093
5095
5097
4588
5102
4593
5106
5109
4598
4599
5110
5113
5114
4603
5117
5118
