3864
3872
3886
3894
3900
3908
3922
3929
3938
3946
3953
3958
3964
3971
3983
3992
3998
4000
4004
4008
4018
4021
4027
4032
4034
4036
4039
4051
4057
4059
4065
4068
4070
4072
4075
4081
4100
4102
4104
4105
4106
4107
4113
4115
4117
4123
4126
4132
4133
4137
4138
4139
4143
4146
4148
4154
4166
4168
4170
4172
4174
4178
4180
4184
4186
4191
4192
4194
4198
4207
4212
4218
4221
4225
4226
4227
4230
4231
4234
4235
4238
4250
4257
4261
4262
4264
4268
4271
4272
4274
4283
4289
4291
4293
4297
4301
4303
4304
4305
4310
4318
4323
4324
4329
4334
4337
4338
4340
4345
4347
4353
4356
4357
4361
4363
4367
4368
4372
4373
4376
4378
4380
4383
4386
4392
4393
4394
4396
4399
4400
4401
4402
4403
4409
4410
4412
4413
4419
4420
4422
4424
4430
4432
4433
4436
4437
4438
4439
4442
4446
4448
4449
4450
4454
4458
4459
4461
4462
4466
4468
4469
4471
4474
4477
4478
4480
4481
4483
4484
4485
4487
4488
4491
4495
4496
4497
4499
4500
4501
4502
4503
4505
4506
4507
4509
4511
4512
4516
4522
4527
4528
4531
4533
4534
4535
4536
4539
4540
4544
4545
4546
4548
4549
4551
4553
4555
4556
4558
4561
4563
4565
4566
4569
4570
4573
4576
4577
4578
4579
4580
4581
4582
4586
4592
4595
4596
4597
4600
4602
4606
4608
4610
4611
4614
4616
4618
4619
4620
4621
4623
4624
4625
4626
4631
4633
4636
4640
4643
4644
4647
4652
4654
4655
4657
4658
4659
4660
4665
4666
4671
4675
4680
4681
4683
4685
4686
4687
4691
4692
4697
4701
4706
4707
4708
4710
4715
4716
4721
4722
4723
4727
4732
4734
4738
4739
4740
4742
4751
4756
4757
4758
4760
4761
4764
4770
4776
4782
4784
4785
4788
4790
4796
4800
4805
4811
4815
4818
4821
4826
4828
4837
4839
4842
4855
4856
4866
4874
4885
4888
4889
4904
4920
4933
4936
4864
4744
4748
4879
4762
4774
4777
4650
4656
4786
4787
4669
4670
4799
4802
4814
4819
4820
4694
4695
4696
4838
4714
4844
4853
4729
4730
4735
