909
933
936
958
960
986
987
991
992
997
1001
1003
1009
1022
1027
1030
1032
1036
1038
1042
1043
1052
1054
1058
1059
1066
1068
1070
1076
1078
1081
1088
1090
1095
1100
1105
1106
1109
1113
1116
1122
1129
1130
1132
1133
1135
1139
1150
1156
1157
1163
1166
1170
1171
1176
1178
1179
1183
1185
1191
1195
1197
1208
1212
1213
1220
1222
1225
1233
1236
1239
1240
1244
1246
1258
1261
1262
1263
1272
1274
1281
1282
1283
1296
1306
1307
1309
1318
1320
1321
1329
1332
1333
1336
1350
1358
1366
1367
1368
1379
1387
1392
1393
1395
1404
1406
1424
1546
1041
2067
1556
1558
1559
1560
1562
1570
549
551
1576
2113
585
589
591
592
594
1620
1621
2134
1624
1627
1628
1632
1640
1136
625
628
629
630
1659
1147
636
638
1683
2197
663
664
1175
666
668
672
680
1704
1706
683
2233
699
1723
1724
1726
1216
1217
1732
710
1223
713
1227
716
720
725
1750
728
732
1254
743
746
752
1777
1778
2291
755
756
760
1284
773
774
1286
776
1287
1802
1291
780
782
1295
1807
787
1815
794
798
799
1825
802
812
1838
817
820
823
825
832
837
1868
845
1357
848
1360
850
1361
1364
1365
1369
859
1891
869
870
874
876
878
883
1908
887
888
891
898
903
904
1416
1420
910
1425
1939
1428
918
923
1948
927
1440
1441
1444
1957
935
1449
1451
940
941
1457
1460
952
953
1464
1469
1481
970
1993
1485
1486
978
1493
1496
1499
990
1505
1506
1002
1514
1517
1528
2045
1534
