4098
4610
4102
4104
4106
4621
4111
4112
4624
4625
4115
4626
4629
4631
4122
4126
4130
4644
4136
4137
4649
4139
4654
4144
4658
4660
4154
4666
4156
4168
4680
4681
4175
4176
4687
4178
4693
3674
4188
4189
3678
4701
4191
4192
3683
4707
4715
4208
4721
4212
3701
4727
4219
3711
4225
3714
4227
3716
4229
4231
3721
4238
4239
3734
4251
3744
3747
3749
4261
4264
4265
3754
3759
4274
4276
4280
3770
4289
4291
3781
4293
3788
3790
4302
3797
3798
4312
3805
4318
4322
4323
3812
4324
4325
3815
3822
3830
3831
4342
4347
4348
4350
3839
4353
3842
4356
4357
3851
3854
3857
3861
3864
4378
4382
4383
3872
3874
4386
4387
4388
4390
4393
3886
3887
3889
4403
3892
3894
3900
4412
3904
4418
4419
3908
3911
4423
4424
4426
4428
3918
3920
4432
3922
4436
3929
3930
3931
3938
4450
4454
3943
3946
4459
4460
3949
3953
3954
4466
4467
3958
4469
3960
3959
3961
4474
3964
4475
3971
4483
4485
3975
3977
3980
3981
3983
4498
4499
4500
3991
3992
4503
3993
4505
4507
4508
3998
4000
4513
4002
4004
4008
4520
4522
4013
4528
4017
4018
4021
4534
4023
4536
4027
4541
4030
4031
4032
4544
4034
4033
4036
4549
4551
4554
4558
4562
4563
4053
4057
4570
4059
4060
4061
4062
4573
4065
4066
4579
4582
4071
4072
4584
4586
4594
4595
4090
4604
