1024
1025
509
517
1029
1034
1020
1037
1039
529
531
1046
2583
2073
538
539
1050
541
2592
2081
1574
1064
553
1069
564
566
1080
1595
572
577
579
580
581
582
1608
1609
1097
2637
2638
1102
1110
1114
602
606
1633
1121
2147
612
1126
1131
2669
622
624
1137
1138
2679
631
632
1656
639
640
2181
1671
650
651
1164
1165
656
1168
1682
661
662
1694
1695
1184
2720
674
1187
1188
2727
679
682
687
688
1713
2227
1716
692
2231
696
1211
700
1734
2762
718
1235
729
1242
734
735
736
1247
739
740
741
2792
745
749
750
1269
1273
762
1276
2301
1279
777
784
785
786
2836
1300
789
2327
1303
793
1818
1820
1313
804
805
809
810
2860
814
2352
822
1846
1338
2363
828
1855
1343
836
1348
840
841
842
844
851
2387
343
862
863
1378
2402
1384
872
1386
875
366
2928
880
882
1400
378
2427
890
892
894
899
900
901
391
1927
907
913
401
914
1426
1433
410
1434
1437
417
418
2470
2471
937
428
947
949
951
1465
2490
954
955
956
445
2498
450
964
963
1474
967
966
455
457
1483
971
1997
974
1998
1489
470
983
984
995
996
487
2539
492
1007
495
499
1015
1018
2556
1533
