1712
1743
1752
1762
1769
1779
1780
1786
1792
1800
1801
1811
1819
1824
1829
1830
1837
1842
1860
1861
1862
1867
1873
1886
1888
1895
1898
1907
1910
1914
1918
1920
1924
1926
1944
1946
1949
1956
1960
1964
1968
1969
1976
1984
1986
1995
2000
2007
2009
2012
2016
2018
2028
2029
2035
2038
2041
2046
2051
2052
2056
2060
2063
2066
2077
2080
2085
2088
2091
2096
2100
2102
2107
2115
2119
2120
2124
2126
2127
2129
2136
2138
2140
2148
2149
2158
2160
2166
2170
2171
2172
2175
2180
2184
2185
2187
2198
2202
2204
2205
2214
2218
2221
2222
2224
2238
2239
2243
2245
2260
2263
2270
2272
2278
2290
2295
2315
2321
2351
