4613
3079
4617
5133
4116
4630
5149
3618
4645
3625
3632
3634
4147
4661
4662
5178
3647
5188
4167
3658
5195
3663
4181
3159
4699
4702
4705
3685
5222
5221
4712
4713
4601
4718
3695
4720
5233
4725
3710
3198
3712
4743
3208
3209
3723
4750
3726
3214
5262
4253
4767
1701
5285
4263
5287
3753
5291
4780
4273
4789
3768
3257
3258
5307
4798
3786
4810
3276
3284
5335
4313
4315
3804
4317
3807
5344
3300
3303
5355
4846
5361
4854
4857
4861
4867
3844
4359
5385
3852
3341
4877
4370
1810
4375
3863
2841
5399
3867
5411
3364
3369
3370
3376
4915
4916
4407
4417
4932
4429
5454
4431
3408
1872
2898
3923
3928
3939
3427
3432
2924
3437
4463
3442
3450
2939
3968
3969
4996
5003
5010
3989
3478
3995
3483
4510
3999
3488
5022
4517
1958
4519
3496
2986
4014
3502
4530
5043
3510
4542
3520
2496
5058
3013
4041
5069
3536
4568
3550
3558
4589
4080
5104
5105
3572
3577
3582
