949
1024
1037
1102
1121
1138
1184
1188
1211
1242
1269
1279
1299
1300
1326
1338
1345
1378
1384
1405
1409
1426
1436
1443
1473
1483
1484
1489
1516
1523
1533
1550
1557
1575
1605
1609
1633
1652
1661
1668
1688
1703
1716
1729
1734
1753
1798
1816
1846
1852
1855
1881
1904
1922
1972
1997
2026
2043
2061
2095
2147
2150
2181
2189
2209
2251
2276
2301
2327
2341
2350
2375
2385
2387
2426
2427
2455
2457
2470
2482
2489
2490
2520
2523
2543
2556
2560
2563
2570
2592
2598
2612
2613
2622
2632
2635
2638
2643
2649
2674
2692
2700
2701
2707
2708
2710
2711
2746
2755
2766
2773
2776
2778
2783
2804
2816
2822
2826
2840
2854
2856
2871
2883
2895
2916
2923
2947
2954
2970
3005
2817
900
1029
1285
1034
1039
1167
2831
1182
2720
1317
937
1067
2860
1069
1201
1075
1203
951
2745
954
955
1084
964
1097
2890
1099
971
1231
2899
1238
2902
1114
2912
1380
1253
1128
2792
1007
1140
2679
1018
1020
1149
