18
25
36
43
46
53
60
63
69
71
79
84
85
95
102
103
104
108
110
115
125
126
127
131
135
140
144
145
152
160
162
164
165
169
170
171
172
174
177
179
186
196
199
200
205
206
208
210
211
215
216
217
219
220
221
222
224
234
241
242
244
245
246
247
248
250
253
254
256
265
267
270
271
278
281
283
284
285
287
288
289
292
293
298
304
305
306
307
310
315
318
320
321
323
324
325
326
327
331
338
339
343
349
351
352
354
356
357
358
366
368
371
376
378
380
383
384
386
387
391
394
397
398
401
404
410
411
417
418
420
426
428
431
438
440
445
450
455
457
459
463
470
478
479
480
481
486
487
492
495
496
499
500
509
517
519
527
529
531
532
537
538
539
541
552
553
564
566
572
573
577
579
580
581
593
602
605
606
612
613
618
622
624
632
640
646
650
651
656
661
662
667
678
682
688
692
696
700
701
718
729
736
741
745
749
750
754
757
762
765
778
786
801
804
807
809
810
814
828
844
862
882
919
928
929
943
956
966
982
983
1077
1126
1127
1137
1348
1355
