1209
1266
1476
1522
1566
1606
1631
1684
1754
1994
2252
2257
2286
2294
2304
2338
2452
2566
2614
2652
2671
2682
2684
2747
2760
2859
2877
2884
2910
2932
2951
2978
3018
3024
3048
3079
3094
3123
3127
3131
3136
3159
3163
3190
3209
3229
3231
3248
3256
3272
3280
3282
3284
3294
3303
3334
3335
3345
3360
3361
3362
3369
3376
3381
3382
3394
3414
3415
3425
3429
3437
3442
3451
3452
3457
3464
3466
3486
3490
3496
3501
3502
3523
3524
3529
3539
3541
3545
3548
3550
3555
3558
3564
3569
3571
3583
3588
3596
3597
3608
3609
3618
3621
3624
3628
3632
3645
3648
3650
3653
3658
3665
3668
3685
3686
3690
3692
3712
3722
3725
3730
3739
3753
3779
3784
3786
3800
3807
3809
3827
3847
3852
3902
3906
3923
3941
3944
3945
3966
3999
4014
4043
4080
4094
4099
4101
4119
4162
4167
4253
4260
4296
4298
4306
4375
4389
4429
4431
4435
4440
4482
4510
4523
4571
4585
4589
4617
4635
4641
4662
4688
4700
3713
3979
4114
3986
3997
3746
4263
4009
4266
3758
3888
3762
4530
3766
3896
3899
3901
4542
3903
4567
4568
4315
4445
4190
3811
3939
4712
3689
3817
3826
4082
3828
4083
3703
3706
4349
4095
