1028
2566
519
3079
525
528
532
1566
3618
552
3625
3632
2097
3123
4147
1077
2614
1079
3127
3130
3131
573
63
3647
1606
1096
3577
79
3663
593
84
4181
3159
601
605
1631
608
613
102
103
1127
3685
618
3695
1143
2682
2684
125
637
3198
3710
1153
3712
131
646
135
3208
3209
3723
3214
3726
657
1681
1684
667
1181
3231
160
162
164
1701
678
1190
4263
169
681
3753
174
4273
693
3768
1209
3257
2747
701
2749
3258
199
200
1737
2760
2252
3272
3276
3786
2257
722
3284
215
217
1241
219
1754
3804
3807
224
4317
3300
3303
234
2286
754
1266
244
757
250
253
765
770
3844
265
778
3852
3341
271
1810
279
2841
283
3867
287
800
801
2338
292
3364
807
3369
298
1323
2859
3370
3376
305
306
1330
310
2880
321
323
2884
843
1355
1359
1872
3408
2898
339
3923
3928
351
3427
356
3939
3432
2924
3437
4463
3442
371
2932
373
885
3450
2939
380
383
384
3968
386
387
3969
389
2951
397
2452
3989
3478
919
408
3483
3995
928
929
420
2978
1958
3488
426
2986
3496
4519
431
943
945
3502
3510
4014
2496
3520
1476
3013
4041
1994
459
3018
973
463
3536
980
982
476
478
479
1504
481
994
3550
3558
496
4080
1522
500
501
3572
505
3582
1023
