3608
3648
3650
3668
3670
3677
3689
3693
3697
3703
3706
3713
3714
3715
3725
3727
3733
3735
3738
3741
3746
3747
3749
3758
3760
3762
3766
3775
3776
3781
3783
3784
3787
3788
3792
3798
3803
3808
3811
3812
3815
3817
3820
3826
3828
3830
3834
3835
3841
3842
3847
3850
3851
3853
3854
3856
3861
3870
3874
3887
3888
3889
3891
3892
3896
3899
3901
3903
3904
3905
3909
3911
3912
3913
3920
3930
3931
3943
3945
3954
3959
3960
3961
3966
3973
3975
3977
3979
3980
3986
3991
3993
3997
4002
4009
4013
4023
4030
4031
4033
4052
4053
4061
4062
4066
4067
4071
4082
4083
4090
4098
4111
4112
4114
4122
4130
4136
4144
4153
4175
4176
4185
4188
4189
4190
4208
4211
4215
4219
4229
4239
4251
4265
4270
4276
4278
4280
4302
4312
4316
4325
4336
4342
4348
4365
4382
4388
4390
4405
4408
4423
4425
4426
4428
4452
4460
4465
4467
4475
4498
4504
4508
4513
4521
4541
4543
4552
4554
4583
4584
4587
4594
4609
4627
4629
4637
4667
4677
4894
4099
3588
4101
3596
3597
4119
3609
4635
4641
3621
3624
4648
3628
4662
3645
4162
3653
4688
3665
4700
3686
3690
3692
4725
4095
3722
4747
3730
3739
4767
4260
4266
4781
3779
4806
4296
4298
4306
3800
4831
4832
3809
3827
4349
4868
3334
3345
3360
4389
3902
3394
3906
4429
4435
3414
3415
4440
4445
3425
3429
3941
3944
3452
4482
4486
3466
3486
4510
3490
4523
3501
3523
3524
3529
4043
3539
3541
4567
4571
3555
4585
3564
3569
3571
4094
3583
