937
949
1024
1037
1102
1121
1138
1188
1211
1231
1238
1242
1252
1253
1269
1279
1285
1299
1300
1317
1326
1327
1338
1345
1372
1378
1380
1384
1398
1405
1409
1426
1436
1443
1453
1466
1473
1483
1484
1489
1516
1523
1533
1550
1557
1575
1605
1609
1633
1652
1661
1668
1688
1703
1716
1729
1734
1753
1798
1816
1846
1852
1855
1881
1904
1922
1972
1997
2026
2043
2061
2095
2147
2150
2181
2189
2209
2251
2276
2301
2327
2341
2350
2375
2385
2387
2426
2427
2455
2457
2470
2482
2489
2490
2520
2523
2539
2543
2556
2560
2563
2570
2592
2598
2612
2613
2622
2632
2635
2638
2643
2649
2674
2692
2700
2701
2707
2708
2710
2711
2746
2755
2766
2773
2776
2778
2783
2804
2816
2822
2826
2831
2840
2854
2856
2871
2883
2895
2902
2912
2916
2923
2940
2947
2954
2970
2976
3005
3007
3014
3035
3037
3068
3087
1029
1542
1034
1039
1551
3088
3089
3095
2583
2073
3097
1067
3116
1069
1075
3128
1084
1097
1099
2637
3152
1114
1119
1634
1128
2669
1140
2679
1149
1167
1173
1177
1182
2720
1184
2727
1201
1203
2227
2231
2745
1224
2762
1251
2792
2805
2817
1293
2836
1319
2860
2352
2890
2899
2905
2402
1388
2928
892
894
900
2955
2968
2972
2981
2471
2985
2990
951
954
955
2498
964
3016
971
3019
974
3026
3032
3034
3051
1007
1018
1020
3071
