4609
5122
4099
4101
5125
5126
5128
4617
5130
5131
5134
4114
4627
4119
5144
4635
4637
4641
4648
5162
5163
5166
5172
5173
4662
5176
4153
5177
4667
5181
5183
4162
4674
4677
4167
4688
5202
5207
4185
4698
4699
5210
4700
4702
4190
5216
5217
4712
4713
5225
4717
5230
5231
4211
4725
4726
4215
5242
4095
4733
5247
4741
4743
4747
4750
5264
5265
5266
4752
5273
4253
5277
4767
5280
3746
4260
4772
4266
4778
5292
4781
3758
4270
4278
4791
4794
5308
4798
5314
4806
5320
4296
5322
4809
4298
4810
5326
5328
4306
4822
3800
4315
4827
4316
4830
4831
4832
4834
3811
5346
5351
3817
4841
4845
5358
4847
4336
3826
4854
5367
5369
4857
4860
4349
5376
4868
3847
4876
4365
5393
4884
5398
4375
4892
4894
5406
4895
4898
4899
4389
4909
4910
3888
4405
3896
4408
4921
3901
3902
3903
4929
3906
4930
4934
4425
4941
4429
4942
4431
4943
4945
4435
4950
4440
4445
4452
3941
4967
3944
3945
4968
4972
4465
4977
4982
4987
3966
4990
4992
4482
4995
3973
4486
3979
3986
5013
5015
4504
5017
5020
3997
4510
3999
5025
5024
5027
5032
4009
4521
4523
5038
4530
4542
4543
5053
5061
4552
4043
5071
5073
4052
5078
4567
4568
5081
4571
5083
5086
5088
4067
5091
4583
4585
4587
4589
5101
4082
4083
4094
5119
