1147
1217
1223
1227
1284
1286
1287
1291
1295
1357
1360
1361
1364
1365
1369
1416
1420
1425
1428
1440
1441
1444
1449
1451
1457
1460
1464
1469
1481
1485
1486
1493
1496
1499
1505
1506
1514
1517
1528
1534
1537
1546
1556
1558
1559
1560
1561
1562
1570
1572
1576
1586
1592
1611
1613
1620
1621
1624
1625
1627
1628
1632
1640
1643
1645
1655
1659
1664
1670
1672
1679
1683
1696
1697
1700
1704
1706
1710
1721
1722
1723
1724
1726
1731
1732
1735
1739
1745
1750
1757
1761
1765
1773
1774
1777
1778
1782
1783
1784
1793
1794
1796
1799
1802
1807
1815
1822
1825
1826
1831
1838
1840
1845
1847
1851
1854
1858
1863
1868
1880
1884
1885
1889
1891
1892
1894
1901
1905
1908
1917
1921
1928
1937
1939
1940
1942
1948
1950
1955
1957
1971
1974
1979
1983
1988
1993
1999
2002
2006
2010
2013
2021
2032
2033
2039
2045
2047
2048
2054
2062
2064
2067
2076
2079
2082
2092
2094
2108
2109
2110
2111
2113
2125
2128
2133
2134
2143
2151
2153
2154
2167
2169
2178
2182
2192
2193
2194
2197
2199
2203
2206
2210
2212
2216
2219
2223
2229
2233
2236
2237
2241
2242
2244
2246
2247
2249
2254
2255
2256
2264
2265
2273
2274
2277
2279
2280
2282
2283
2284
2288
2289
2291
2293
2296
2297
2300
2310
2313
2314
2318
2319
2320
2326
2328
2333
2334
2335
2340
2342
2343
2344
2347
2348
2353
2355
2356
2357
2359
2365
2369
2377
2381
2382
2384
2386
2388
2389
2390
2391
2392
2396
2397
2398
2400
2408
2411
2413
2414
2416
2417
2418
2421
2422
2428
2435
2438
2439
2441
2442
2445
2446
2447
2448
2449
2450
2451
2456
2472
2473
2474
2476
2477
2479
2480
2481
2484
2487
2488
2494
2503
2504
2507
2510
2512
2513
2515
2517
2518
2529
2535
2538
2541
2542
2545
2546
2547
2551
2553
2554
2555
2562
2568
2574
2576
2580
2582
2585
2588
2591
2596
2600
2602
2608
2609
2618
2619
2621
2624
2627
2634
2641
2647
2651
2654
2655
2657
2658
2661
2663
2680
2696
2697
2702
2721
1281
1282
1156
1157
1296
1424
1170
1171
2581
1178
1179
1306
1309
1318
1191
1320
1195
2606
1329
1332
1208
1336
1213
1222
1350
1358
1105
1233
1236
1239
1367
1368
1116
2653
1244
1246
1122
1379
2665
1129
1258
1132
1262
1263
1392
1393
1395
2548
2677
1274
1404
1406
