2305
2361
2430
2469
2500
2521
2531
2548
2577
2581
2593
2606
2620
2628
2629
2653
2662
2665
2668
2672
2677
2683
2690
2703
2704
2713
2715
2719
2725
2726
2728
2729
2732
2734
2738
2742
2743
2748
2757
2759
2763
2764
2765
2767
2770
2771
2774
2775
2784
2787
2795
2796
2797
2799
2802
2803
2807
2809
2810
2811
2814
2823
2827
2828
2832
2835
2837
2842
2843
2844
2849
2851
2852
2857
2861
2862
2868
2873
2875
2886
2888
2891
2894
2896
2901
2904
2907
2908
2909
2911
2915
2925
2927
2929
2931
2942
2943
2949
2950
2952
2959
2960
2964
2966
2969
2975
2977
2979
2982
2984
2992
2994
2995
3000
3003
3015
3017
3021
3023
3025
3027
3033
3036
3043
3044
3046
3050
3062
3066
3072
3073
3077
3081
3085
3092
3096
3099
3103
3105
3111
3117
3126
3135
3140
3148
3150
3164
3176
2306
1797
2186
2575
1935
2451
2069
2456
2458
2105
2367
2624
1859
2118
2503
2248
2514
2644
2261
2392
2657
2401
2023
2408
1897
2538
2420
2557
