2564
2565
2052
2567
2053
2056
2571
2573
2578
2066
2584
2587
2077
2590
2078
2080
2594
2086
2599
2089
2091
2604
2605
2607
2096
2100
2616
2617
2107
2112
2626
2631
2119
2633
2120
2126
2639
2640
2127
2642
2129
2645
2648
2137
2650
2138
2142
2656
2145
2660
2148
2155
2667
2157
2670
2160
2673
2675
2166
2171
2172
2685
2686
2175
2688
2691
2180
2695
2183
2185
2187
2190
2191
2709
2714
2202
2716
2204
2205
2207
2208
2722
2723
2724
2214
2730
2218
2221
2222
2735
2224
2226
2740
2228
2232
2234
2750
2238
2239
2243
2756
2758
2245
2250
2769
2259
2772
2260
2263
2266
2268
2269
2782
2271
2270
2272
2786
2278
2791
2285
2800
2801
2290
2292
2295
2298
2299
2813
2303
2307
2308
2309
2821
2311
2315
2829
2317
2833
2321
2323
2324
2330
2331
2332
2845
2345
2346
2349
2351
2867
2358
2360
2364
2368
2372
2373
2374
2376
2378
2379
2380
1869
2383
2393
2395
2399
2403
2404
2405
2406
1895
2410
2412
2415
2419
1909
2424
2425
2429
2431
1920
2432
2434
2436
1930
2443
2444
1934
2453
2454
2459
2460
1949
2461
2462
2463
2464
2465
2467
2466
1960
2475
1969
1977
2491
2495
2497
1986
2499
2501
2502
1995
2508
2509
2511
2004
2005
2519
2009
2522
2524
2526
2528
2018
2530
2533
2534
2022
2537
2540
2029
2035
2550
2038
2042
2558
2559
