512
6
9
10
522
523
14
527
18
530
21
23
25
537
28
29
540
545
546
35
36
40
42
43
46
560
49
52
53
54
55
56
567
60
61
575
67
69
70
71
76
77
80
81
82
83
595
85
86
87
90
95
97
99
104
105
107
108
109
110
111
113
115
117
119
120
126
127
128
130
133
138
139
140
141
143
144
145
146
147
149
151
152
157
161
165
166
171
172
170
173
175
176
177
179
180
181
185
186
190
192
194
196
198
201
203
205
206
208
209
210
211
212
216
220
221
222
223
227
229
232
233
236
238
241
242
243
245
246
247
248
249
254
256
258
260
263
264
267
270
272
274
278
281
282
284
285
288
289
291
293
294
296
297
300
304
307
308
311
315
318
319
320
324
325
326
327
328
330
331
333
337
338
344
348
349
352
354
355
357
358
364
368
369
372
374
375
376
385
388
392
394
395
398
402
404
407
411
413
414
415
421
422
427
433
438
437
436
440
442
448
449
452
456
462
465
473
474
477
480
483
484
486
491
497
498
502
506
