3153
3250
3321
3327
3333
3339
3342
3389
3407
3453
3471
3474
3475
3481
3484
3500
3513
3518
3540
3547
3559
3581
3592
3610
3614
3615
3623
3627
3639
3667
3680
3702
3745
3751
3755
3763
3778
3796
3810
3819
3845
3846
3860
3868
3897
3924
3932
3942
3962
3982
4025
4040
4044
4063
4077
4084
4140
4179
4206
4210
4233
4236
4269
4284
4326
4330
4339
4358
4362
4385
4421
4427
4443
4464
4472
4473
4476
4479
4494
4514
4525
4537
4538
4559
4560
4575
4588
4593
4598
4622
4628
4634
4638
4642
4651
4664
4672
4676
4684
4689
4709
4711
4728
4745
4749
4754
4768
4769
4771
4773
4775
4783
4801
4803
4812
4823
4825
4840
4843
4848
4849
4858
4859
4870
4880
4881
4882
4891
4907
4917
4923
4924
4927
4928
4938
4944
4951
4954
4957
4958
4961
4969
4973
4975
4984
4986
4993
4994
5007
5011
5012
5026
5031
5036
5039
5041
5046
5048
5049
5050
5055
5056
5062
5065
5067
5074
5077
5080
5087
5097
5106
5110
5111
5113
5116
5117
5118
5129
5135
5136
5137
5138
5139
5145
5152
5153
5156
5159
5165
5170
5175
5179
5182
5185
5187
5192
5194
5198
5201
5208
5209
5211
5213
5218
5219
5220
5226
5235
5237
5244
5245
5246
5249
5251
5253
5257
5259
5260
5261
5263
5272
5275
5279
5284
5286
5289
5296
5297
5300
5301
5302
5303
5305
5310
5318
5319
5325
5327
5330
5332
5333
5334
5337
5338
5345
5350
5354
5356
5357
5360
5362
5370
5373
5374
5377
5378
5381
5382
5388
5391
5394
5396
5403
5405
5408
5412
5417
5425
5435
5439
5460
5464
5466
5467
5494
5499
5502
5512
5519
5520
5539
5549
5551
5557
5562
5574
5585
5595
5603
5605
5619
5630
5640
5644
5650
5674
5680
5684
5687
5718
5723
3076
3080
3091
3605
4632
2589
4131
4134
4668
1086
5184
3655
3656
5196
4183
3676
5214
3167
3173
5224
5229
4724
3192
3707
5250
5258
3729
5268
4245
4763
1180
2717
5278
4765
4258
3240
5293
3757
5299
3764
3767
4808
5321
4816
1751
2777
4320
4836
3818
4331
3330
2830
4371
4883
4887
4377
3355
3869
3878
3882
4908
2866
4922
2366
4415
4416
3919
4949
4963
4453
2917
2946
5000
4493
3984
1430
5021
4001
4006
3495
1961
2478
4526
1471
3008
5059
4557
4045
4572
2525
4088
3067
3070
