3584
3589
3593
3595
3596
3600
4115
3603
3608
3611
3612
4126
3616
3622
3624
3626
3637
3638
3641
3642
4156
3646
3648
3649
3650
3652
3657
3662
3578
3668
3670
3673
3674
3677
3678
3683
3691
3693
3694
3697
3701
3703
3706
3711
3713
3714
3715
3716
3721
3727
3733
3734
3735
3738
3741
3744
3747
3749
3754
3759
3760
3762
3766
3770
3775
3776
3781
3783
3787
3788
3790
3792
3797
3798
3803
3805
3808
3812
3815
3820
3822
3830
3831
3839
3842
3851
3854
3856
3857
3861
3864
3872
3874
3886
3887
3889
3377
3385
3402
3918
3922
3410
3415
3930
3419
3422
3428
3434
3949
3439
3953
3441
3443
3960
3449
3458
3463
3467
3981
3470
3479
3992
3480
3482
3487
3489
3490
3493
3497
4013
3503
4017
3506
4021
3511
3512
3514
3517
3526
3527
3529
3530
3531
3538
3539
3542
3543
4057
4060
4062
3551
3553
3555
3557
3560
3568
3569
3570
3574
4090
3580
3583
