504
518
535
543
556
588
599
607
619
626
633
706
708
709
712
721
764
796
819
821
829
835
838
855
861
864
934
942
948
957
962
979
1005
1049
1053
1062
1063
1089
1124
1141
1189
1206
1243
1256
1289
1292
1354
1417
1429
1446
1503
1518
1596
1649
1741
1768
1775
1919
1943
1966
2177
2195
2235
2316
2362
2409
2433
2486
2527
2552
2561
2615
2659
2689
2706
2744
2753
2768
2780
2847
2850
2855
2865
2870
2930
2934
2935
2953
2971
2997
3002
3012
3041
3045
3056
3060
3063
3086
3106
3119
3124
3125
3142
3168
3178
3180
3196
3201
3213
3217
3222
3227
3245
3259
3266
3275
3291
3306
3307
3317
3318
3346
3347
3350
3358
3386
3395
3399
3412
3421
3433
3436
3460
3465
3472
3509
3515
3561
514
3076
520
1045
534
550
555
557
561
563
569
570
1086
574
576
578
1092
3067
3144
586
1616
597
598
1125
621
627
2681
642
643
652
148
1180
671
676
167
689
690
698
188
702
191
703
707
204
207
723
214
1751
218
225
226
230
742
744
1257
235
240
2806
252
768
257
769
259
771
261
262
266
2830
273
275
2325
280
286
295
301
302
2354
2866
309
313
316
317
2366
830
831
322
1864
332
847
336
340
341
342
856
346
347
350
353
359
360
871
362
365
370
379
381
382
902
393
396
2958
399
405
406
412
924
416
423
424
425
429
1454
2478
434
435
441
444
446
1471
3008
451
453
454
458
460
461
977
467
468
472
2525
485
1511
488
489
490
494
507
510
