93
116
124
148
159
167
188
195
207
230
240
255
262
277
280
301
332
335
346
347
360
361
435
443
444
446
458
461
466
503
557
561
569
574
597
604
641
652
670
690
703
723
768
830
856
858
871
889
902
908
931
977
1086
1092
1125
1180
1257
1353
1362
1407
1430
1454
1471
1511
1616
1751
1961
2325
2354
2366
2478
2525
2589
2595
2611
2705
2717
2777
2806
2830
2866
2917
2946
3067
3070
3076
3080
3083
3091
3121
3153
3167
3173
3218
3240
3321
3327
3592
3605
4632
1049
3610
3614
4638
3615
4642
4131
4134
1062
4651
3627
4668
4672
3655
3656
4684
4183
3676
3680
4711
4210
3192
4728
3707
4749
3729
4245
4763
4258
4771
4775
4269
3757
4783
3250
3764
3767
4284
702
4803
4812
4320
3818
4331
4843
4849
4858
3333
4358
4870
4362
3339
1292
3342
4881
4882
4371
3860
4887
4377
4891
3868
3869
3355
3878
3882
4917
3389
4415
4416
4927
4928
4421
1864
4427
3407
3919
861
4961
4963
4453
4973
4464
3453
4479
4493
4494
3471
3984
3474
3481
4001
4514
1446
4006
3500
4526
3513
4538
3008
4040
4044
4557
4045
4559
4572
3559
4588
4077
4598
4088
