4720
4780
4915
4916
5022
5058
5069
5128
5133
5144
5172
5176
5178
5183
5188
5207
5212
5221
5222
5230
5231
5241
5262
5265
5277
5280
5283
5285
5287
5307
5309
5320
5322
5326
5335
5344
5346
5347
5351
5355
5358
5359
5361
5364
5367
5369
5376
5385
5387
5393
5395
5398
5399
5402
5404
5406
5411
5413
5420
5427
5429
5432
5441
5447
5449
5450
5451
5454
5457
5458
5462
5463
5465
5470
5471
5482
5489
5491
5492
5493
5495
5496
5498
5501
5503
5505
5511
5515
5517
5518
5524
5525
5528
5531
5532
5533
5535
5536
5538
5540
5541
5546
5547
5548
5555
5556
5559
5560
5561
5565
5568
5571
5572
5575
5577
5578
5580
5582
5583
5586
5587
5590
5593
5594
5596
5600
5601
5608
5610
5611
5612
5614
5615
5617
5620
5621
5624
5625
5626
5627
5629
5631
5632
5634
5635
5636
5639
5647
5648
5651
5652
5653
5655
5656
5658
5659
5660
5661
5662
5664
5665
5668
5673
5675
5676
5677
5679
5681
5682
5683
5685
5689
5690
5692
5694
5695
5697
5700
5702
5703
5704
5705
5707
5709
5710
5711
5713
5716
5719
5721
5725
5726
5727
5728
5729
5731
5733
5734
5735
5737
5739
5740
5743
5747
5748
5750
5751
5753
5754
5756
5758
5759
5760
5762
5764
5765
5770
5771
5772
5773
5774
5777
5778
5779
5782
5784
5785
5787
5788
5789
5790
5791
5794
5795
5797
5800
5801
5802
5803
5804
5805
5808
5809
5811
5813
5814
5815
5816
5819
5820
5821
5822
5825
5826
5827
5828
5829
5831
5833
5834
5836
5837
5838
5839
5842
5843
5844
5847
5848
5850
5851
5852
5854
5855
5856
5857
5861
5862
5864
5865
5866
5868
5871
5872
5122
5123
5125
5126
5130
5131
5134
5146
5151
5154
5162
5163
5166
5171
5173
5177
5181
5190
5195
5199
5200
5202
5206
5210
4699
4702
5216
5217
4712
5225
4713
5228
5238
5242
5243
5247
5252
5254
4750
5264
5266
5269
5273
5274
5281
5291
5292
5294
5295
5298
4795
5308
4798
5312
5314
5317
4810
5324
5328
5331
5339
4827
5342
5343
4832
4841
5363
5365
4854
5368
4857
5372
4863
4868
5383
5392
5397
5401
4894
4896
4898
5414
5416
5418
4909
4910
5426
5430
4921
5436
5437
4929
4930
5446
4941
4950
4955
5468
5473
4964
5477
4967
4968
5484
4972
4977
5490
4982
4987
4989
4992
5010
5523
5013
5015
5017
5020
5024
5025
5027
5028
5032
5038
5040
5051
5053
5061
5068
5071
5073
5078
5081
5083
5086
5088
5089
5091
5094
5096
5100
5101
5105
5119
