2560
3074
3589
3078
3087
3088
3090
3603
3093
3095
3097
3098
3612
3102
3104
3108
2598
3114
3116
3626
2613
3128
3129
3641
3132
2622
3137
3139
3652
3141
2632
2635
3147
3149
3662
3152
3154
3158
3160
2649
3166
3169
3172
3181
3184
2674
3185
3186
3193
3194
3195
2692
3204
3206
2698
3210
2700
2701
2707
2708
3220
2710
2711
3221
3223
3226
3235
3236
3238
3241
3242
3247
2739
3252
2741
2745
2746
3262
3265
2755
3269
3277
2766
3278
3281
3283
2773
3287
2776
2778
2781
3293
2783
2785
3297
2789
3302
3305
3308
3312
2804
3316
2812
3323
2816
2817
2818
3324
2822
2825
2826
3337
3338
2831
3344
3348
2838
2839
2840
3353
3357
2853
2854
3365
2856
3367
2858
2864
2869
2871
2872
3384
3388
3391
3392
3393
2883
2885
2887
3398
2890
3403
2892
3404
2895
2385
2897
2899
2900
2902
2906
3422
2912
2913
2914
3423
2916
3424
2918
3430
2922
2923
3435
2926
3440
3441
3443
2937
2426
2940
2941
2945
2947
3463
2954
2955
2956
2957
3467
3469
2962
2965
2967
2968
3480
2970
2972
2976
3487
3489
2980
2981
2983
2985
3497
2993
3506
2996
2998
2999
3512
2489
3005
3007
3014
3526
3527
3530
3019
3020
3022
3026
3538
3028
3030
3542
2520
3032
3034
3035
3037
3038
3040
3553
3557
3051
3052
3054
2543
3570
3064
3065
3578
3068
3071
