399
416
429
451
467
468
489
504
518
535
543
578
588
599
607
619
626
702
706
707
708
709
712
721
796
819
821
829
838
855
861
864
942
948
957
962
979
1005
1049
1053
1062
1063
1089
1124
1141
1189
1206
1243
1256
1289
1292
1354
1417
1429
1446
1503
1518
1596
1649
1741
1768
1775
1864
1919
1943
1966
2177
2195
2235
2316
2362
2409
2433
2486
2527
2552
2561
2615
2659
2681
2689
2706
2744
2753
2768
2780
2847
2850
2855
2865
2870
2930
2934
2935
2953
2958
2971
2997
3002
3012
3041
3045
3056
3060
3063
3086
3106
3119
3124
3125
3142
3144
3168
3178
3180
3196
3201
3213
3217
3222
3227
3245
3259
3266
3275
3291
3306
3307
3317
3318
3346
3347
3350
3358
3386
3395
3399
3412
3421
3433
3436
3460
3465
3472
3509
3515
3561
514
520
1045
534
550
555
556
563
569
570
576
1092
586
598
1125
621
627
633
642
643
671
676
689
690
698
204
218
225
226
742
744
235
764
257
769
259
771
261
266
273
275
2325
286
295
302
309
313
316
317
831
322
835
847
336
340
341
342
856
350
353
359
871
362
365
370
379
381
393
396
405
406
412
924
934
423
424
425
1454
434
441
453
454
460
472
485
1511
488
490
494
507
510
