842
880
890
914
947
963
995
996
1025
1064
1080
1110
1164
1165
1168
1187
1247
1273
1303
1313
1386
1433
1434
1437
1465
1474
1595
1608
1671
1682
1694
1695
1713
1818
1820
1927
2057
2073
2081
2173
2213
2227
2231
2240
2363
2394
2402
2471
2493
2498
2505
2549
2569
2583
2597
2636
2637
2669
2679
2699
2720
2727
2731
2745
2752
2754
2762
2792
2793
2805
2817
2834
2836
2860
2878
2882
2890
2893
2899
2905
2919
2928
2955
2961
2968
2972
2973
2987
2990
3011
3016
3026
3032
3034
3039
3042
3049
3071
3075
3084
3088
3089
3095
3097
3110
3116
3120
3128
3133
3137
3139
3143
3145
3152
3154
3156
3160
3169
3179
3182
3184
3185
3194
3195
3197
3199
3203
3210
3216
3220
3226
3228
3235
3236
3241
3247
3251
3255
3261
3264
3265
3269
3273
3277
3278
3283
3293
3295
3297
3305
3308
3311
3312
3315
3316
3319
3320
3323
3325
3337
3338
3344
3348
3353
3356
3357
3363
3365
3367
3368
3378
3384
3385
3388
3391
3392
3393
3398
3402
3403
3404
3410
3419
3422
3423
3424
3428
3430
3435
3439
3440
3441
3443
3449
3458
3463
3467
3469
3470
3479
3480
3487
3489
3493
3497
3503
3506
3511
3512
3514
3526
3527
3530
3531
3538
3542
3543
3551
3553
3557
3560
3568
3570
3574
3578
3580
3584
3593
3595
3600
3603
3611
3616
3622
3642
3646
3649
3691
3087
3102
3104
2592
2598
2095
2613
2622
3141
2632
1609
3068
2638
1633
2147
2674
1668
2181
2189
2701
2707
2710
1729
1734
2773
2776
2778
2783
2276
2301
2816
2822
2826
2831
2327
2840
2854
2856
2352
1846
2871
1855
2883
2895
2385
2387
2902
1881
2912
2916
2923
1904
2426
2427
2940
2941
2947
2954
1426
2962
2970
2976
2981
2470
2985
2996
2489
2490
3005
3007
3014
3019
1997
3028
2520
3035
3037
3040
2026
2539
3051
2543
3064
3065
2556
1533
