4926
4939
4953
4956
4976
4978
4979
4983
4998
5002
5005
5014
5016
5023
5030
5035
5044
5047
5054
5057
5063
5064
5072
5076
5079
5084
5092
5095
5099
5102
5108
5109
5114
5120
5124
5141
5142
5143
5147
5150
5155
5157
5161
5167
5174
5180
5184
5189
5193
5196
5203
5214
5224
5229
5232
5234
5248
5250
5258
5268
5270
5278
5282
5293
5299
5321
5129
5136
5137
5138
5139
5145
5152
5153
5156
5159
4140
5170
5175
5179
5182
5185
5186
5187
5192
5194
5198
5201
5208
5209
5211
5213
5215
5218
5219
5223
5226
4206
5235
5240
5244
5245
5246
5249
5251
5253
5255
5256
4233
5257
5259
5260
5261
5272
5275
5279
5284
5286
5288
5289
5290
5296
5297
5300
5301
5302
5303
5305
5310
5316
5319
5323
5325
5327
5330
5332
5333
5334
5337
5338
5345
4326
5350
5352
4330
5354
5356
5357
5360
5362
5370
5373
5374
5377
5378
5381
5382
5388
5391
5394
5396
5403
5405
5408
5412
5417
5425
5435
5439
5460
5464
5466
4443
5467
5494
4473
5499
4476
5502
5512
5519
5520
5539
5549
5551
5557
4537
5562
3518
5574
4560
5585
3540
5595
3547
5603
5605
4593
5619
3581
5630
5640
5644
5650
4628
5674
5680
5684
5687
4664
4676
5718
5723
3702
4754
4768
4769
4773
3755
4793
4807
4823
4824
4833
3819
4850
4852
4859
3845
4869
4875
4878
4880
4882
4886
4893
4897
4903
4905
4906
4907
4912
4917
4918
4922
4923
4924
4925
4928
4931
4935
4937
4938
4944
4947
4949
3932
4959
4961
4962
4965
4969
4973
4975
4980
4984
4985
4986
3962
4991
4993
4994
5000
5006
5007
5009
5011
5012
5018
5021
5026
5029
5031
5036
5039
5041
5046
5048
5049
5052
5055
5056
5059
5062
5067
5074
5077
5080
5087
4063
5093
5097
5106
5110
5111
5113
5116
5117
5118
