639
649
679
687
697
715
734
735
739
748
767
779
783
784
785
789
793
795
803
816
824
826
836
839
840
841
851
854
863
868
872
873
877
879
886
892
893
894
899
900
905
907
913
915
922
925
930
937
938
950
951
954
955
964
965
967
968
971
974
976
981
988
999
1007
1012
1013
1015
1017
1018
1020
1021
1029
1033
1034
1039
1055
1056
1057
1061
1065
1067
1069
1075
1084
1097
1099
1103
1104
1108
1112
1114
1119
1128
1140
1149
1151
1155
1161
1167
1173
1177
1182
1198
1201
1203
1210
1214
1224
1231
1238
1248
1251
1252
1253
1280
1285
1293
1315
1317
1319
1327
1352
1372
1380
1388
1398
1024
1037
1550
1553
1044
1557
2095
1073
1609
1102
1111
1120
1121
1633
2147
1138
1152
1154
1668
2181
1172
1184
1188
1192
1202
1204
1716
1211
1729
1219
1734
1237
1242
1245
1249
1260
1264
1269
1275
2301
1278
1279
1297
1299
1300
1302
1312
1326
1328
1846
1338
1340
1855
1345
1347
1363
1881
1378
1381
1384
1391
1405
1408
1409
1411
1426
1432
1436
1443
1448
1453
1456
949
1466
1473
1480
1483
972
1484
1997
1489
1509
1513
1515
1516
1011
1523
1533
