93
116
124
148
159
167
188
195
207
230
240
255
262
277
280
301
332
335
346
347
360
361
435
443
444
446
458
461
466
468
489
503
557
561
569
574
578
597
604
641
652
670
690
702
703
707
723
768
830
856
858
871
889
902
908
931
977
1086
1092
1125
1180
1257
1353
1362
1407
1430
1454
1471
1511
1616
1751
1864
1961
2325
2354
2366
2478
2525
2589
2595
2611
2681
2705
2717
2777
2806
2830
2866
2917
2946
2958
3067
3070
3076
3080
3083
3091
3121
3144
3167
3173
3218
3240
3355
4922
5093
2561
518
3592
5138
3605
4632
1049
3610
4638
3614
3615
5153
4642
4131
4134
1062
3623
4651
4140
3627
3639
4668
4672
4676
3655
3656
4684
588
3153
4179
3667
4183
599
4088
3676
607
3680
4711
4210
4724
1141
3702
3192
4728
3707
4233
4746
4236
4749
3729
2706
4245
4763
4765
3745
4258
4771
1189
4775
3751
3755
4269
3757
4783
3250
3763
3764
3767
2235
4284
4797
706
4803
708
3778
712
4808
4812
2768
4816
3796
4320
3810
4836
1256
1768
4330
4331
3818
4843
4849
4339
3321
4858
252
3327
4865
3330
3333
4358
4870
3846
4362
3339
1292
2316
3342
3340
4881
4882
4371
275
4883
3860
4887
4377
4891
3868
3869
4385
4897
2850
3878
295
3882
4908
3374
4917
821
2870
3897
3389
829
4415
4416
4927
322
4928
4421
4427
3407
3919
3924
341
4949
855
4443
4956
861
4961
4963
4453
3942
359
4969
4973
4975
4464
4984
3962
4476
3453
382
4479
1919
4993
5000
1417
2953
4493
4494
3471
399
3982
3474
3475
3984
5007
5011
5014
3481
3484
5021
416
4001
4514
1446
3495
4006
5031
3500
429
4526
5036
5048
3513
4538
4537
4025
5049
3518
957
5055
3008
5059
4040
5064
4044
4557
4045
4559
5074
979
5080
3547
4572
2527
4063
5087
3041
3559
5097
4588
4077
1518
1005
4593
4084
4598
5110
504
5113
5117
