2560
2563
2565
2570
2061
2573
2579
2584
2586
2587
2594
2604
2093
2612
2616
2617
2632
2633
2635
2640
2642
2643
2645
2646
2648
2649
2656
2670
2675
2686
2688
2691
2692
2698
2700
2708
2710
2711
2714
2209
2723
2724
2215
2220
2735
2739
2741
2746
2755
2756
2758
2251
2253
2766
2772
2773
2267
1755
2781
2785
2789
2791
2287
2801
2804
2812
2816
2818
2822
1798
2825
2829
2838
2839
2336
2337
2853
2341
2856
2350
2864
2869
2872
1848
2370
2371
2883
2885
2375
2379
2892
2900
2395
2914
2916
2918
1896
2410
2423
2941
2431
2437
2440
1938
2453
2454
2455
2457
2460
2467
2482
1972
2491
2506
2509
2511
2516
2519
2523
2526
2534
2031
2543
2550
2043
2558
