95
131
67
204
69
98
113
159
110
210
169
156
107
110
64
196
257
349
349
193
263
214
393
161
275
322
240
195
118
262
332
322
234
113
127
327
269
186
319
204
171
256
306
260
268
340
303
255
242
390
236
417
314
182
243
173
273
126
167
319
391
161
225
145
390
347
286
269
257
289
368
203
122
403
145
265
211
121
182
262
169
288
165
246
137
270
192
94
295
137
392
354
305
349
136
332
357
291
254
321
264
212
307
239
282
124
264
214
147
311
184
204
313
245
399
313
295
268
299
272
241
196
362
321
296
252
174
431
313
255
