95
131
67
204
69
98
113
159
110
210
169
156
107
110
102
196
273
349
349
266
263
218
470
204
338
391
287
249
194
262
389
394
270
151
156
379
306
201
319
230
222
333
346
428
313
366
344
255
242
402
236
466
321
226
276
175
317
169
205
358
410
265
327
250
429
347
310
299
258
289
443
239
191
444
244
373
238
200
232
347
241
386
218
381
377
343
229
115
295
246
403
443
305
349
192
333
415
467
314
334
324
286
333
325
376
210
316
215
201
398
292
315
381
315
446
363
435
334
349
353
324
324
377
411
349
340
248
433
373
457
