8192
7169
8194
7683
8196
9216
9728
9225
7182
7184
8210
8212
9238
8728
9241
8730
8219
9245
8734
9247
9250
7717
7723
9259
8750
9262
7730
7218
8754
7221
8755
9267
8764
9284
7749
8262
9285
8776
9286
7755
7756
7245
9293
8783
9295
9809
7252
7253
7767
7255
7256
8793
9303
9308
9306
9311
7264
8801
9315
8292
7781
9317
8295
9319
8810
7278
8815
7792
9328
9329
7795
8821
8822
9336
8313
9340
7807
9343
8321
7309
8334
7823
8845
7826
9362
8852
7317
7830
7318
7321
7322
7837
9373
7841
8867
8357
8870
7847
9383
7338
8363
9387
8877
8881
7858
7346
7348
7347
8886
7353
9403
9405
8382
8906
7884
8909
8912
7890
8916
9431
7384
8922
9435
8185
8927
7904
7392
8417
7395
7403
8940
8941
8945
7922
7927
9463
9466
8191
8955
8447
8961
7427
8964
7430
7943
7433
8969
7947
7438
8463
7953
7444
7446
7959
8470
7964
8989
7454
9504
6945
8993
8483
9505
7974
8998
9515
7472
6961
8505
9017
9019
7484
7997
9536
8513
9028
9029
8006
9032
8009
6989
8528
7505
7506
9553
8020
9046
7002
9054
9058
9572
8549
7015
8040
8553
7534
7535
7536
8559
7539
9076
9075
7030
9079
7545
7549
9086
7553
9090
8580
8071
9097
8074
7563
9611
8078
8081
7058
9107
9618
8085
9109
9110
9620
7579
8097
8610
9124
7589
7079
7080
8618
9130
8622
8115
7604
8119
9145
9147
8124
7613
7100
8638
9153
8642
9665
9157
9159
8651
7121
9169
7635
9683
7128
9179
7649
9185
8675
8164
9188
7654
8172
7149
9196
7151
7152
9200
7666
7667
7154
8692
9197
9199
8696
7673
9210
9211
9212
7678
7679
8193
8195
7684
8197
7685
8201
8205
8211
8216
8221
8229
7720
8233
7724
7728
8241
7731
7733
7742
8260
8261
8267
7759
8276
7765
7766
8277
8280
7771
8288
8289
8303
7794
7798
8312
7803
7806
8320
7810
7813
8327
8335
8337
7835
7838
7840
7842
8356
8358
7848
7849
7851
8366
8371
8372
7859
7868
7869
7871
7876
8388
7880
8404
8406
8415
7915
7917
7918
7920
7925
7930
8442
7932
8443
7934
7941
8457
7951
7954
7955
7960
8477
7977
7980
7981
7983
7984
7990
7995
8000
8003
8005
8021
8028
8029
8035
8046
8048
8053
8059
8062
8063
8065
8077
8090
8094
8096
8098
8110
7605
8118
8123
8128
8131
8137
8140
8150
8152
8153
8157
7646
7650
8163
7651
8165
7663
8182
16640
16644
16905
16522
16267
16397
16657
16799
16421
16166
16553
16305
16182
16704
16453
16583
16327
16475
16733
16352
16483
16229
16486
16871
16745
16618
16366
16627
16759
16510
15873
17922
18945
18438
18952
18443
13837
17934
16400
17424
14866
14357
14358
15895
15896
16927
15392
18471
18479
17456
18484
15927
17977
17979
15420
14909
18493
17473
19011
14409
14410
15438
16975
17999
18514
15446
14940
14429
18021
13926
15470
13935
17010
17013
18043
17531
18558
14462
18560
14468
18566
17031
17546
19082
14989
15502
14483
19092
13979
17054
18078
15016
13993
18089
15531
17579
14512
14001
14517
15030
17591
18616
15548
18621
17597
17087
19136
18114
16578
15556
18631
19144
19147
14034
18133
17626
15068
17118
19167
16607
14562
17638
15591
14569
19184
17139
18170
18684
17149
18176
15104
14089
14602
17676
16145
18195
18713
18720
17192
18728
17711
15151
18224
16689
16178
19251
18226
17720
17722
16700
14658
15173
17734
14151
16716
14159
17232
16721
17233
18264
15193
18265
17753
15708
18776
15710
15712
15715
15208
15721
15210
16234
15724
16748
14702
16233
16242
16243
15222
17270
15736
14201
17275
17791
15236
16261
14214
15751
16772
18311
15245
16270
18831
16272
16785
16276
16280
15769
16284
15261
14752
16291
14755
16805
17318
18343
15784
14248
16296
14252
16301
14764
15279
17841
16819
13748
15797
17847
18875
16316
15292
15804
15295
15805
14785
18368
15817
13772
14797
15310
18892
16337
18388
14810
17372
16861
15836
14304
15329
17381
18406
18920
14831
16369
18929
16371
17910
18423
15865
13818
15357
16895
16394
16398
16406
16414
16425
16434
16450
16452
16455
16462
16474
16482
16498
16523
16526
16528
16534
16554
16555
16561
16570
16572
16573
16589
16597
16609
16624
16629
16636
16645
16648
16674
16683
16688
16696
16698
16701
16715
16725
16726
16728
16760
16766
16774
16787
16792
16809
16824
16826
16828
16830
16831
16833
16842
16875
16884
16891
16893
16894
16908
16933
16944
16945
16952
16954
16957
16978
16987
16995
17012
17015
17019
17022
17027
17033
17056
17059
17061
17074
17088
17089
17103
17110
17124
17125
17131
17146
17152
17163
17166
17176
17200
17208
17220
17235
17240
17241
17242
17247
17256
17278
17280
17283
17319
17321
17325
17340
17343
17348
17351
17360
17361
17365
17367
17373
17380
17384
17387
17388
17398
17400
17412
17414
17415
17419
17422
17423
17428
17433
17436
17438
17450
17451
17453
17458
17462
17463
17465
17466
17472
17474
17479
17483
17487
17499
17502
17503
17507
17510
17514
17517
17521
17525
17532
17535
17537
17540
17542
17545
17548
17551
17552
17558
17563
17566
17567
17568
17575
17577
17578
17582
17587
17590
17598
17600
17601
17602
17609
17610
17616
17620
17621
17622
17627
17629
17632
17637
17645
17647
17649
17654
17662
17663
17664
17674
17682
17689
17692
17693
17694
17695
17705
17706
17707
17708
17709
17715
17717
17723
17725
17731
17732
17733
17737
17741
17745
17746
17751
17758
17764
17767
17779
17781
17785
17788
17790
17793
17795
17797
17798
17799
17800
17801
17804
17807
17808
17810
17834
17835
17836
17837
17838
17844
17848
17853
17858
17859
17874
17875
17879
17880
17886
17887
17893
17898
17901
17902
17903
17908
17909
17912
17916
17926
17928
17931
17939
17949
17958
17961
17974
17980
17989
17992
15950
18005
18009
18016
15973
18023
18040
18042
16000
16006
18061
16031
18079
16032
18095
16060
18113
16065
16094
16095
16096
18152
16113
16140
16151
16176
16190
16206
16209
16211
16241
16264
16268
16297
16304
16313
16319
16341
16344
16370
17409
17921
15879
17418
17932
17933
17936
16405
16410
18459
15901
17444
17445
17960
17449
16938
15402
16940
17448
15923
18486
16961
17985
16965
17478
17991
16456
17484
18000
18008
15963
15974
18026
15467
18029
17519
17008
17523
17524
16501
17530
17023
17539
18053
16014
18064
18065
17040
16532
15511
15521
18085
18088
17065
16562
17076
18101
18104
17595
17599
18111
16067
17606
17607
17104
18128
16593
17111
15575
16599
16102
16107
18158
18160
17650
17651
17143
18167
17657
17658
18175
17665
16642
17162
17675
17167
15632
18196
16158
18213
18215
16168
17197
18223
17712
17199
16694
17718
17730
17222
17223
17735
16201
17738
15690
15691
17750
18269
16224
18276
16741
17253
16747
18287
17264
17777
17782
16768
17792
18305
17796
17805
17806
15759
17302
16281
17308
17315
16806
18351
17842
17845
17337
17338
18363
17852
17855
16326
17862
16838
17865
18376
15306
15824
16854
17370
17375
16351
17890
17897
16883
18422
16376
17401
15358
17919
16616
16527
16560
16596
16437
16503
16477
16574
16543
10243
14348
6170
12315
10271
14367
14381
14382
12338
6197
14390
12344
10297
12345
8252
12358
12369
4180
14423
10330
8286
4191
14436
10342
14445
14449
12412
10365
8318
12416
12427
12428
12433
10391
14489
8350
14497
14502
10409
14505
12469
8377
12476
10439
8392
12493
12496
14549
10457
8411
14558
12512
12517
14566
12523
10484
6403
8453
14606
10516
14612
12566
6424
12570
12579
8489
10538
14642
10549
4407
6476
12621
4437
12631
14679
6494
12644
12647
4456
10601
10604
6511
10619
14718
6527
12672
12674
6537
14736
6548
12707
6575
10675
14779
12733
10689
10711
12763
12770
10729
12782
10739
12787
10748
14850
8707
10757
12816
4626
4635
12830
8761
10821
8777
12878
14933
6754
6760
12904
4714
12910
12914
12922
10879
6785
10883
10885
10900
12958
12969
10924
4787
10932
15051
10963
8921
10975
13027
13032
10989
13047
13050
8957
8970
11036
11037
13101
11057
15154
9011
11061
6990
13135
7000
9049
4956
7010
13156
7017
7019
13178
13179
7036
11132
11137
11139
11141
9096
5000
7059
9108
11172
13225
15282
7091
13236
9150
7105
13249
11219
5075
11224
11233
13282
13302
9213
7172
9222
9244
11305
5164
11312
13360
13382
13386
11342
13398
11359
7266
9316
11375
13433
13434
11402
11408
9375
11424
9380
13478
15529
13499
13500
11454
13508
5337
9446
11494
13542
11511
9471
13570
11530
5398
9495
13593
11548
11551
13621
13623
11582
13631
9540
11600
11605
9568
13666
5480
5483
11630
11637
9592
13690
11652
13702
13711
11685
7590
7596
7598
13742
9648
13745
9654
7608
9656
13756
7617
11719
11722
13770
7632
11728
7639
11736
5594
9701
7661
13805
13806
9716
13814
11770
11771
13824
13834
13842
13846
9752
5661
11809
13861
13863
11819
13868
7726
9780
11832
13881
13890
13898
11852
11864
13916
13918
13919
11873
9826
7779
13923
7783
5742
11892
11897
13946
9851
13957
13970
11923
9881
13980
13984
13985
13991
13994
5806
14000
5813
11959
11964
11975
11980
11989
14039
9946
14044
14045
9950
14046
14057
12010
14064
9969
5880
14080
12033
14084
9995
14098
7956
12057
14108
14110
12065
12066
12067
14114
14115
12075
14132
14135
14139
10050
10059
10060
14160
12113
8019
14169
14178
12134
12140
12144
14195
3963
14203
12157
12159
10114
6020
14225
12183
10136
14231
14237
14238
14246
10154
12202
12212
14263
10175
14291
14292
12248
6104
12255
6115
6116
14311
14314
12272
12274
12275
12276
10238
14335
15362
15363
15365
15366
15368
15372
15887
15900
15902
15911
14890
14895
14897
15924
15926
15414
15928
15929
15418
14903
16449
15938
15425
14914
15941
14920
16457
14928
15444
15956
14937
14939
15459
15463
15469
15473
15474
15477
15478
14974
14976
14992
15505
16020
14997
16023
14999
16025
16026
16027
15003
15519
15011
15015
15532
16563
15541
15543
15549
15552
15553
15041
15558
15570
15063
15064
15578
15584
15082
15085
15087
16115
16116
16119
15607
15096
15101
15103
14592
16133
15110
15627
15630
15631
15120
15635
15640
14620
15647
15652
15655
15671
15160
15674
15684
14660
15175
15177
15180
15181
14671
15186
15698
15192
15196
16226
16228
15206
16231
14697
15729
16244
15732
15735
15740
15228
15233
14725
15750
14728
14729
14733
15768
14748
15262
15263
15776
15774
15778
15267
15270
15271
15782
15277
14767
15280
15795
15288
14798
15313
15318
16343
15832
16345
15834
14807
15837
14815
15840
14816
14818
16356
15858
14837
15864
14841
15355
15359
7940
8070
7816
7690
7307
7820
7566
7952
8340
7828
8089
7962
8478
7455
8480
8228
7719
7464
7337
8103
7595
8362
7345
7603
8246
7481
8379
7999
7744
7872
7874
7875
7618
7237
7495
7752
8266
8138
8016
8017
8146
7380
7675
7896
8281
7769
8026
8154
8285
8410
8544
8422
8167
7400
8297
7529
7402
8044
7660
7786
7659
7532
7409
7272
8563
8180
7527
7670
7544
7931
7805
8706
8578
8323
8326
8583
8586
8459
8330
8717
8590
8847
8593
8466
8467
8725
8726
8853
8600
8345
8346
8732
8605
8737
8738
8486
8742
8360
8875
8492
8493
8748
8880
8376
8636
8511
8768
8767
8515
8518
8391
8524
8269
8525
8782
8656
8658
8531
8787
8661
8660
8663
8278
8666
8668
8671
8799
8419
8420
8423
8808
8809
8684
8432
8689
8435
8437
8567
8828
8573
8575
5634
7173
6150
6151
6662
7177
6666
6153
8204
5643
6158
7183
6165
6677
9751
6680
7706
7713
7202
6692
6182
7209
6698
6699
5679
5685
6219
6716
5692
6210
7236
7238
6727
6730
6731
6218
6733
9294
6734
7248
6222
8274
7251
6228
6741
6742
7762
5711
6233
7261
5730
7269
6759
5736
7273
5738
6763
6253
5231
5235
6261
6262
7801
6777
6779
6267
8829
6781
6784
7299
6275
6790
5766
6792
6794
6289
7316
7319
8855
5785
6303
5793
6306
6308
5797
5798
6312
7343
6834
6838
5816
6841
6328
5820
6334
6846
9408
9409
7363
6852
7365
6341
5831
6856
6857
6347
6349
8398
6864
6355
6356
7892
5848
6369
6884
6885
7399
5865
5353
6380
6892
5869
7919
6384
6387
7414
5367
7417
6910
6912
4867
8452
6405
7428
6409
6925
5901
6928
7440
7442
8977
6932
6421
6422
6420
6936
5910
5393
5916
6430
6943
6944
7966
6946
6436
6437
5927
6952
5928
6955
5931
6444
7471
6449
9012
5951
5442
6467
6468
5958
6471
5448
5962
6991
6996
9556
5975
6489
6490
5980
7006
8033
5986
5989
6503
5482
7023
7024
9583
6513
7027
5491
7028
6006
7033
8058
6523
6524
7037
4987
7551
6528
6530
6533
6021
6023
6535
5513
6546
7574
7065
6558
6047
6048
5539
6053
6565
8615
5544
6572
7086
7088
7090
6580
6581
6584
5564
7101
6079
7106
6595
6083
9155
7110
6598
7112
6604
6606
7119
5585
6611
6099
5587
6102
9171
6616
5595
6620
7131
6110
6625
7138
6627
5608
7145
6636
8686
7662
6643
6131
6645
8183
5112
7674
6651
6143
194
298
139
203
300
110
238
301
147
340
181
182
249
221
255
114
514
523
529
1042
1044
537
540
541
551
560
1072
566
1092
581
580
585
587
589
603
604
617
1130
623
628
639
132
649
650
148
660
664
669
161
681
686
178
690
187
704
709
199
713
204
721
725
218
220
732
744
745
239
244
757
247
759
765
260
777
268
787
276
790
284
285
798
288
800
306
310
312
827
828
829
319
835
329
330
332
854
352
353
867
868
357
358
883
372
380
382
903
392
396
398
402
914
403
920
935
427
429
942
433
434
438
951
967
455
456
976
471
986
476
478
480
481
1004
503
507
508
1023
8704
10242
7686
9738
9231
9743
8220
8733
9246
8223
10270
8226
9251
9764
9256
9770
7725
9263
9266
9781
7734
8247
9273
8762
9276
7228
9283
9800
7763
9301
10334
9823
8803
8291
9831
9838
8830
9855
7811
7300
9349
8840
7818
9354
9867
8846
8850
7831
9879
9370
8863
8355
9384
8878
9390
9904
8373
9916
8893
7879
9421
9933
9425
9428
7381
9940
7389
9439
8416
8929
9441
9448
7415
7929
8954
9469
7933
7938
8450
9496
8472
8996
8485
8997
9508
7978
9003
9004
7469
9518
7467
10028
7489
8519
8008
9546
9035
9547
9043
9560
10074
9569
9060
9574
9576
10098
7542
9593
8574
8064
9610
9104
9105
7568
8080
8596
9619
8086
10140
8093
8606
8608
9132
9134
7600
9651
9655
9143
9156
9164
10188
8144
8659
9685
10201
9692
7647
9191
9704
9706
7664
8694
9720
416
258
421
169
364
211
214
311
475
5121
12300
7697
12827
12323
11813
8741
5674
13354
4656
6192
9265
4147
6195
11318
13372
3645
5181
10814
10813
11328
5191
13385
7243
7244
10318
5726
11880
11887
5759
3713
11914
10379
12430
12944
5780
11927
4251
11940
3755
13486
8368
3250
12979
12978
11960
12475
12990
13519
12499
13528
7387
12508
7901
4318
3815
9961
12521
12013
3309
11504
12533
11515
13060
3847
4362
4876
11539
3347
10011
10017
7971
11055
13617
11577
10046
3903
6473
11087
10575
4434
10067
4436
5462
13147
9579
11636
3445
5497
7546
3451
11642
6521
4990
10623
2941
12665
10621
13190
12167
5010
11155
11157
11163
13217
13737
12211
12214
4536
12217
3000
6076
8126
8639
12736
12737
6084
4038
13255
10699
9679
12244
7643
12766
12769
10211
11236
3049
9194
11249
3587
4100
8708
5126
3603
4630
6167
4631
3094
6681
4124
3614
4127
7710
4641
3621
8744
6189
4657
4660
3125
5176
3131
5693
4671
3140
4681
3659
4171
7758
5712
6229
4182
5719
9817
4196
6251
3695
6259
3187
3189
6775
3710
5758
4735
3726
6288
4240
3219
5783
3224
3226
5788
3741
3744
3748
4772
6823
7336
3753
3751
3757
3245
5297
3252
6837
4790
3255
5307
4283
5314
3267
5323
8399
3281
6866
6869
3289
4319
6882
5349
3307
3819
3308
4846
9455
4337
5364
6903
3832
3324
5899
6414
4370
3346
3865
4385
3362
3361
4903
4391
3367
4394
4393
3884
7982
3375
3382
3387
5947
3904
3395
4932
3920
4947
5464
3417
3937
5474
3941
4967
4970
3435
3436
4466
6007
3453
3455
3457
4994
5506
5508
3976
5001
3980
5520
6036
3477
4502
7078
5032
3498
6060
4036
4558
9170
3541
4566
3031
3544
7640
5085
3549
3037
6624
7652
3557
4077
3566
3569
3574
5117
4094
8066
9732
9861
7817
9100
8973
9233
9489
8860
7070
7716
9128
8873
9385
7594
10035
7607
8504
9402
8508
8509
9279
8255
9793
9797
9542
7239
9928
8139
9676
8273
7893
8791
8667
8796
7390
7422
9443
9070
9073
8051
6900
9977
9598
18944
18947
18948
17413
19461
18441
20495
19984
18449
19476
18965
19991
18456
18968
18972
18466
18980
18473
19498
16939
20012
18989
18990
19504
18481
18994
20018
20017
18999
18489
18491
18492
19517
17984
18498
17987
19529
18510
19022
18520
19546
18013
18527
18528
17505
16994
18018
19044
19039
19557
18533
17512
19556
19052
19053
19054
20077
18544
19058
19060
18037
18039
17528
19065
19066
19577
18556
18564
18055
18568
19079
19080
19083
18575
19599
20111
18067
20115
19093
18586
19617
19618
18595
19109
18599
17064
18601
19624
19115
18605
17588
18626
18115
19140
18117
19657
18634
19146
18637
18638
19157
19672
20184
18666
19175
18652
18655
19679
19169
18658
18147
19174
17639
18151
18665
17642
19179
19176
17133
18670
19181
19182
19185
18162
19186
18164
19189
19190
19699
17656
17660
18687
19712
18177
17160
18697
18696
19720
20202
18702
19730
18197
18709
19735
18712
18716
19229
18721
18724
19237
18729
18221
18733
19246
19248
19249
18232
20282
19771
18748
19260
19776
18241
19270
16711
19272
18761
19275
18253
20303
18768
19281
19795
18262
19287
18775
18778
17244
18780
17246
18268
19296
17762
19299
18786
19301
18278
19302
18792
19812
17770
18283
18796
17773
19309
18799
19825
19827
18804
18807
18808
18296
19832
19835
18812
19837
18816
17794
18307
18309
19337
18827
18320
18321
19344
20373
18838
18839
18327
19353
18330
19354
19864
18851
19876
17317
18854
19367
19881
19374
20400
18353
19377
18866
18868
18356
17334
19382
18872
18365
18878
18879
17857
19397
19910
19913
19914
18379
19403
18893
18384
19413
17878
18391
16856
19927
18396
18909
19421
18908
19935
19425
18403
18919
18408
18921
18922
18923
19433
17389
19438
17904
18928
17906
18419
18418
19443
19956
18937
515
1036
1038
1043
535
542
547
557
1076
568
1085
576
1090
1096
1100
1102
593
1120
1122
614
619
620
1136
1145
633
643
645
1157
657
1179
667
1188
1189
1190
676
680
1204
1205
697
702
705
708
714
1229
728
729
1243
733
743
746
747
769
1284
1285
1286
782
783
1294
1299
799
807
813
817
1330
819
818
824
825
836
863
1377
1384
873
371
886
1398
892
896
898
902
904
911
913
413
930
932
948
953
442
961
964
484
996
998
1002
493
1005
1007
1017
1018
1022
18447
18460
18462
18464
18467
18469
18478
18480
18499
18529
18530
18537
18543
18546
18548
18552
18562
18579
18591
18603
18608
18614
18619
18625
18627
18636
18643
16763
16773
16778
16779
16789
16790
16793
16795
16797
16798
16803
16813
16817
16820
16825
16832
16836
16837
16839
16840
16847
16852
16858
16859
16862
16866
16870
16872
16881
16886
16890
16897
16900
16904
16906
16909
16910
16911
16913
16919
16928
16929
16934
16935
16949
16950
16966
16971
16973
16977
16980
16981
16982
16983
16986
16992
16993
17007
17009
17011
17018
17024
17026
17028
17032
17034
17037
17038
17039
17044
17048
17050
17051
17067
17071
17073
17078
17082
17083
17086
17091
17093
17094
17097
17098
17099
17100
17101
17108
17142
17145
17147
17150
17154
17155
17156
17157
17159
17164
17169
17170
17171
17172
17178
17180
17195
17201
17215
17221
17225
17228
17229
17230
17231
17234
17243
17249
17250
17251
17258
17263
17266
17267
17272
17285
17286
17290
17291
17294
17296
17300
17301
17307
17310
17323
17324
17327
17329
17330
17332
17341
17347
17349
17357
17358
17362
17363
17366
17374
17378
17382
17383
17392
17402
17407
17408
17410
17416
17417
17420
17425
17426
17429
17434
17447
17452
17455
17460
17477
17480
17489
17496
17498
17500
17504
17513
17522
17527
17534
17538
17544
17554
17557
17572
17573
17596
17604
17613
17623
17625
17644
17646
17648
17661
17677
17697
17719
17724
17727
17736
17740
17744
17763
17784
17802
17803
17809
17813
17816
17840
17851
17861
17876
17885
17905
17924
17943
17951
17982
17994
18012
18030
18049
18059
18071
18087
18092
18097
18106
18110
18116
18119
18121
18137
18145
18149
18154
18161
18172
18173
18182
18183
18187
18194
18205
18207
18219
18222
18227
18233
18235
18236
18245
18254
18260
18261
18263
18274
18285
18297
18312
18315
18316
18318
18319
18323
18326
18336
18337
18338
18340
18342
18345
18377
18386
18390
18397
18398
18400
18401
18402
18421
12801
11268
10246
12303
13328
11794
13844
13333
10779
12324
12842
13361
13365
12870
13899
13909
9305
12895
9824
11872
12897
13410
12388
11405
11417
12442
13977
13472
9386
12973
11955
13506
12503
14040
13017
7898
12511
12515
12009
12011
12525
10999
13562
12026
13568
13569
13056
9996
10512
11033
13085
13092
12581
10027
12077
12592
13624
14142
11590
13128
13130
10580
12123
13659
14186
13169
11639
11128
10630
12679
13704
11659
11670
13214
11174
12206
12207
13746
13752
12222
14273
8643
12740
13767
13265
12755
10713
12762
11747
13284
11251
12286
1025
1026
1030
1032
1034
1040
1046
1050
1051
1055
545
1057
546
1060
1064
1065
554
555
1068
1073
1074
1078
567
1080
1081
1083
574
575
1089
577
578
1093
1094
1101
1103
596
1109
599
602
1115
1117
1118
607
1121
612
616
1128
1131
1135
624
1138
1139
1141
1142
1144
632
634
1147
636
1149
638
1151
637
640
1161
1163
1164
652
1166
1167
658
659
661
662
1175
1180
671
1184
673
674
1186
1191
679
1193
683
684
685
688
689
1203
1206
695
1210
699
1212
701
703
1219
1221
1225
1226
1228
718
719
1232
720
722
723
1235
1234
724
1240
1241
731
735
1247
736
737
740
741
1254
748
749
750
1263
1265
753
1266
760
1273
766
767
1280
768
772
773
776
1289
778
780
1296
784
786
1297
791
792
794
1308
802
803
804
810
1322
811
1326
815
816
820
1339
830
832
833
839
1352
842
1355
845
848
851
852
853
1363
858
859
860
861
1374
864
865
869
870
872
879
1393
884
885
889
1402
897
1409
899
1411
905
906
909
910
912
917
918
921
924
925
928
933
1447
1450
939
941
943
945
946
956
957
958
1470
962
965
968
969
971
1484
980
984
988
989
992
993
994
995
999
1003
1006
1008
1010
1013
1015
1020
10752
11265
11777
11778
11266
11271
12296
10762
9227
10252
9232
10770
10771
9748
11286
10774
10777
11804
10273
9765
10277
12329
11306
11820
10285
11823
12335
10289
11831
11320
10295
9274
10299
11322
11838
10815
10817
11333
9798
10823
12360
10315
11343
9296
9810
10840
10329
11867
9819
9822
10335
10336
11361
12383
9832
12392
9834
10348
10349
10865
9330
11380
11894
10873
8825
8827
11902
11907
11908
9350
10891
9868
9869
11915
11406
10394
11419
9887
10911
11427
10404
9379
10918
9898
9391
10928
11952
9401
10425
11962
11453
10432
10944
11458
11459
11457
11968
10952
10441
9416
10962
11988
10964
8923
10972
9948
11998
11487
10460
11493
9962
10478
10480
10481
10992
9972
12020
12027
10492
11006
8965
9479
11015
9481
11527
10504
9993
12048
11537
8978
9491
10523
10526
11043
11557
10534
11560
10026
11050
10032
10545
9522
12082
11574
12088
10041
10042
11067
10553
12089
10047
10560
10049
12097
10559
11073
9030
12106
12108
10062
11094
9559
11607
10073
10590
11615
11620
11622
10091
11116
10094
11118
10608
12145
11635
12148
9078
11129
12154
11135
9600
11648
9603
9093
11143
10125
10127
10640
10641
10645
10134
11671
10649
11162
10650
11164
12189
10137
9118
9627
9629
11682
10661
9640
11690
9643
10158
11186
11188
10685
12223
12227
10184
10185
9673
12234
11725
11726
10190
11220
10710
9687
9688
12249
10714
12256
11746
10724
11749
9190
10214
10218
12266
10737
11761
10228
10233
9724
8928
8890
8868
19977
20491
18445
19982
21517
21520
20503
18461
18463
19488
21027
19493
19494
21541
19497
18986
20521
18477
21038
18997
20534
17975
21048
20537
21562
21054
18496
21570
20551
20039
19017
21068
20045
21070
21580
21077
20056
21595
20062
20575
20474
21092
19564
21613
21102
19056
20084
18549
20598
19063
20600
20087
21622
18559
20099
19589
21641
20110
18576
18066
20630
21142
20635
19613
21661
19104
20130
20642
20645
20647
19626
19116
20655
20143
21169
19121
17586
19124
20148
21175
19643
19648
19651
21700
20166
19143
21703
20173
19152
20692
21206
18647
20696
21722
19674
19676
17117
20188
20189
21214
19692
21231
21744
20722
20724
19188
19702
21236
19705
18682
21244
18174
20738
19214
20750
21265
21780
20248
19742
19744
21795
17700
21283
20265
20777
21803
20269
20272
21297
21302
20791
20793
17210
18752
20804
19785
20810
20301
18767
20307
17748
19797
21335
20830
21343
20321
19298
20324
20838
19305
19821
20847
20335
18289
21363
20854
19831
21373
18814
21377
20354
21384
20361
20874
19350
17814
20379
19356
20892
20382
20380
19357
18853
20390
20902
19369
21418
19375
19891
19893
19896
19897
19903
21440
21442
21443
20930
19908
18378
19404
20429
20941
20435
20951
18905
18906
19930
20958
20961
19431
19944
17896
21482
19947
20460
19949
21485
18417
19446
20472
20985
19450
12806
10759
13320
11787
13326
11285
12309
11800
12316
9761
11298
13346
12840
10793
9768
9772
10286
11311
12849
12851
12339
11836
11839
12867
11845
9799
10312
11850
10826
12381
12382
12387
12905
10346
11885
10862
12399
12401
12402
10355
10872
9848
11390
11391
12931
10888
11404
11917
10894
10898
12947
12436
10392
12440
10906
10407
11944
11943
11434
10411
11947
12974
12975
10929
11957
12991
12482
12998
11466
12491
10447
13010
11996
13021
10474
12016
12539
9979
12548
8968
12553
11016
13064
11532
12558
11026
11542
13078
11543
12576
12070
9511
11562
12594
10547
12086
13111
12599
13114
11579
13116
13117
12100
12624
12625
13137
10584
11098
12124
11102
11616
10594
13157
12138
11115
10096
12147
11641
9601
11657
11658
12685
12687
12180
12181
11673
13212
12190
13215
10145
13221
9642
10159
11696
12722
12723
13235
11701
12725
12219
11199
10693
11721
12748
12238
10707
10196
13276
12253
9693
9694
10725
12773
12268
11244
11250
11256
11257
11260
10754
5640
12820
11798
2584
3611
5151
10272
4129
11300
12844
5165
6196
9271
6199
12352
3651
4682
8780
12364
11855
11856
3162
9307
12890
3677
13408
4210
3192
5755
4732
6780
12926
5757
3719
12942
9885
12445
3745
2723
11428
3237
6316
12462
2225
10930
10931
9908
9909
5303
12983
3258
4796
11967
12480
12993
6338
11972
4813
3279
4304
9936
7899
13023
9440
10465
11999
7397
12518
2790
7921
5881
12029
5383
5895
4367
11538
4372
4885
4374
2842
12577
7457
6947
13093
3883
13099
7985
12596
12085
13625
5950
2878
12616
3405
12622
3923
3413
8537
11609
10588
11613
8555
11119
5489
12658
11123
9081
12155
13185
11653
11656
10633
2957
10130
3989
5015
6554
12191
12705
6051
7591
12208
2481
4018
11698
5047
12226
11213
3534
12751
10192
4559
12243
11221
3029
4068
3045
3564
12280
7166
11264
10241
11269
11270
10758
11276
10253
11278
11284
10775
10776
10265
10778
11290
11294
11295
9760
10788
11815
10281
9775
10800
11316
10805
11828
9788
10816
10307
10822
11338
11339
9811
11350
10838
10845
11357
11360
10340
10852
10854
10345
11373
9840
10864
10866
11379
10870
11384
11389
10881
11395
10372
10884
10374
11399
9865
10890
9359
9875
10393
10907
9884
11421
10398
11422
10916
9892
11429
10920
10408
10413
9902
11443
9397
11448
10939
10429
10941
11463
10446
10958
9422
10961
11471
11474
9943
10969
11483
10463
10980
11492
10982
10475
10477
10990
10479
11503
11505
11506
10486
9975
10488
10490
11003
9468
11517
11007
9988
11014
11017
10506
9483
11020
10511
10000
11023
10004
11547
10016
11552
11553
11044
10532
11046
11047
11048
11561
9519
10544
11568
11255
11571
10043
10557
11074
11587
11076
11081
11082
11595
10573
9554
11603
10581
10591
10080
11108
11774
10600
10603
11631
11632
10609
10611
9589
10104
11640
11133
11134
11647
11645
10113
11138
10629
10632
10124
10637
11152
11664
11156
10133
9622
11159
11674
10141
11165
11167
11168
9635
11686
11175
11177
10667
11181
10670
11187
11700
11699
11192
10170
10682
11711
10687
9667
11205
11718
10698
10702
10191
10706
9696
11235
11751
10730
11245
10222
10734
10226
11763
10743
11258
9723
9725
10750
1764
1543
1608
1677
1462
2048
2560
2571
1549
2063
2064
2068
1561
2596
2088
3115
2610
2613
2619
3133
1603
2634
3146
1612
2125
1614
2640
2647
2141
2653
1632
3168
2146
3172
2151
2666
1643
2156
3180
2159
1652
1655
2175
2197
2201
1690
2208
2214
3239
2216
2733
1729
1730
2241
1733
2758
1743
2768
2770
2774
2781
2286
2288
1777
1782
2809
2302
3327
2306
2820
2313
1803
2830
2324
2839
1818
2335
2337
1826
1833
2349
1842
2356
2367
2368
1867
1875
1883
2414
2927
1909
2942
1918
2441
2956
1942
2456
2969
2462
2975
2468
1956
1961
2987
2478
1969
1971
2486
2487
2492
3005
2495
2508
2003
1497
1500
2013
3047
2026
1519
2044
2559
1507
1524
1567
19459
19462
19467
20492
19468
18958
19474
18977
19491
19496
20525
19505
19507
19002
20030
19007
17983
19518
19519
18503
19530
18511
19453
19029
20054
19542
19544
19543
20065
19042
18540
19057
19575
20091
19579
19583
19072
19073
19074
18565
19590
20109
19095
19607
19099
19107
19108
19621
19620
19629
19119
18609
19639
19646
19647
18628
18633
19666
19159
19673
20187
20196
20206
19183
19695
19195
19716
19719
20241
18706
19224
19228
19240
19250
19762
19769
19258
19257
19263
19266
20292
18248
18760
19789
19792
19283
18771
19286
19290
19293
19810
18790
18794
20336
18293
18809
20347
19323
18820
19334
19335
19861
18332
19361
18849
19364
19366
20393
18867
18869
18359
19385
19898
19394
18884
19410
19414
19415
20440
18907
19427
19429
19430
19943
19437
19950
19439
19959
19448
19452
19965
18943
1753
1662
9856
1783
1676
1902
1799
2565
2066
2581
2071
2583
2585
2077
2078
2082
2608
2614
2103
2105
2620
2622
2116
2628
2130
2643
2652
2153
2158
2161
2674
2163
2683
2684
2174
2177
2182
2184
2200
2717
2719
2725
2219
2742
2747
2244
2247
2253
2255
2258
2776
2266
2269
2275
2276
2798
2287
2807
1786
2812
2304
2817
2822
1811
2327
1820
2333
2854
2346
2350
2353
2359
2874
2364
1855
2369
2886
2889
2378
2892
2899
2388
2390
1885
1886
2405
1895
1899
1912
2425
2938
2434
2436
2440
2442
2955
1934
2449
2453
2965
1946
2461
2979
2469
2483
1972
2995
2998
1975
1976
3006
1987
2500
2499
3012
1997
2001
2519
2520
2521
2530
2531
2537
2028
2030
2548
2555
3068
2045
19457
20484
20497
19484
20508
18983
19495
19503
20020
19508
19512
21052
19524
20553
20043
19532
20047
20560
20049
20562
19540
20057
20576
19555
19559
20080
20597
19586
20612
20124
19102
19614
20640
19110
18610
19128
18617
20152
20668
19134
19137
19138
20161
20674
19655
20176
18642
20183
19164
19681
19178
18672
18673
18677
19703
19200
20235
18191
18708
20245
20250
19746
18723
20771
20773
20271
19764
19255
20284
20797
20290
19781
20809
19794
19303
19816
19316
19321
20862
19848
19862
20383
19872
20396
20402
20404
20405
19383
20414
19919
20944
19925
20442
20956
20962
20455
19442
18935
18424
1967
1812
1884
10037
18434
18946
18437
18949
18953
18455
19480
19481
18458
19485
18472
18984
18476
18988
18991
18992
19004
19016
19018
19020
19023
19027
19028
19033
19046
19561
18538
19050
19562
19565
18545
19569
18547
19064
18554
18555
18557
19071
18561
18577
19090
19096
19105
19625
19630
19123
19636
19125
19127
19640
19129
19130
19641
19133
19142
18635
19150
18639
18641
18644
18646
18649
18650
19163
18654
19168
18657
18667
19697
19706
19711
19715
19212
19213
19215
19728
19218
19219
19221
19222
19227
19230
19231
18730
18731
18734
18738
18745
18746
18747
18754
18756
18758
18759
18765
18774
19289
18266
19291
19306
19307
19308
19312
19313
18802
19315
18805
18806
19317
19319
18826
18829
18833
18834
18836
18325
18837
18845
18847
18848
18852
18857
18864
18354
19378
19381
18360
19386
19388
19389
19390
19393
18370
19395
19398
18890
18891
18380
18382
18899
18910
18912
18915
18924
18925
18931
18934
18936
18427
3073
2564
2567
2570
3095
2072
2073
2592
2593
2089
2606
2095
2609
3123
2627
2120
2129
2641
2646
2143
2655
2145
2658
2659
2157
2672
2679
2167
2173
2689
2690
2185
2705
2194
2708
2709
2203
2220
2734
2735
2737
2226
2229
2745
2753
2249
2256
2769
2772
2261
2264
2777
2270
2787
2280
2794
2284
2814
2815
2303
2821
2310
2312
2827
2321
2838
2330
2846
2338
2341
2857
2864
2870
2360
2362
2879
2370
2882
2377
2382
2386
2395
2911
2913
2407
2408
2922
2415
2418
2420
2940
2439
2952
2448
2451
2963
2457
2974
2466
2471
2473
2988
2990
2484
1980
2502
3016
3021
2513
2514
2515
2007
3039
2021
2538
2539
3055
2549
2039
2552
2554
2046
3071
10502
11022
10767
10768
10515
10395
10780
10786
10664
10669
10678
10938
10427
10690
10565
10310
10954
10841
10586
11105
10595
10473
10857
10997
10616
10874
3595
2575
3087
4120
2594
2602
2615
2616
2617
3128
3132
2623
3652
3658
3147
2636
3661
3663
3664
2131
2648
3165
3166
3678
3173
3686
2668
3181
3194
3197
3209
3739
2716
2718
2721
2722
2726
2728
3240
2221
3248
2739
2236
2242
2755
3285
2262
3287
3286
3802
2784
3299
3813
2282
3306
3818
2803
2292
2297
3836
2301
2823
2824
2825
3852
2832
2833
3349
2329
2845
2334
2848
3364
3370
3374
3886
3388
2373
2888
2380
2893
3407
2897
3409
2394
3418
3420
2401
2403
2412
2930
2934
2936
3962
2943
2944
2435
2947
3971
2443
3469
2961
2970
2472
3497
3511
2493
3518
3521
3014
3526
2504
2505
3530
3533
2512
2517
3030
3545
3038
2535
3048
2540
3053
3054
3057
3059
3063
2688
3586
2948
3332
3081
2574
2447
4756
3485
3872
3617
3747
4137
3500
2738
2996
4021
2871
3385
3901
2240
4288
3781
2632
3280
4568
2905
4185
3164
3294
4454
2409
3185
2810
19456
19460
18954
18956
19469
19478
18966
18970
18976
19489
18981
19502
18995
18998
19003
19006
19521
19010
19523
19525
19019
19021
19534
19535
19024
19037
19553
19043
19048
19049
19566
19571
19061
19070
19075
19077
19085
19088
19089
19603
19609
19610
19619
19113
19114
19117
19131
19132
19148
19661
19149
19153
19154
19162
19166
19172
19177
19690
19196
19201
19202
19208
19209
19210
19211
19220
19226
19232
19239
19241
19242
19247
19254
19256
18749
19271
19276
19280
18769
19284
19285
18779
19292
19297
18789
18797
18798
19318
19320
18811
19326
19328
19329
19332
19336
18825
19338
18830
19348
18844
19358
19362
19365
18856
19370
19371
18862
19376
18865
19380
18876
19392
19399
18888
19400
18887
19405
18894
19411
18903
19417
19423
19426
18916
18917
19436
19447
18940
18941
18942
19455
11136
11013
10887
11144
11019
11275
11158
10902
11034
11035
11038
10913
11042
10915
11171
11045
11049
11182
11185
11070
11072
10947
11203
11077
10953
11210
11209
10956
11214
10960
11216
10835
11223
11097
10974
10976
10855
11240
10856
11114
10988
10994
10996
11124
11125
11127
11000
11130
11131
10877
14336
14851
13828
14341
13827
14855
13321
14860
14862
14353
13841
14870
13847
12823
13338
13856
13345
13862
12838
14379
14380
13357
15916
14383
12846
15416
14393
15421
13886
14401
13892
13893
12874
13387
14414
13904
13906
12885
13913
13914
12891
15453
12896
13409
14435
13927
13929
14443
15981
15990
15480
14969
15993
14971
14979
13444
16003
14982
13959
14473
13962
14986
14476
14988
15498
13966
13968
15504
14996
13973
13462
14487
12949
13465
13978
12953
14499
13480
14506
12971
13484
14509
13999
15024
14516
14007
15544
14009
14010
16059
14526
14016
14531
12995
14030
13520
14545
14032
14036
13015
14560
14050
13026
14053
14054
13546
13039
14578
13042
15612
16124
15105
14085
13578
13579
14603
15115
14092
13581
14609
15636
14101
13590
15639
14104
14616
13076
14107
14619
13080
14111
13600
15649
14626
16163
15140
16159
15144
13614
13616
13106
15156
14137
13627
14140
15164
15677
14656
13127
13641
14667
14156
14157
13653
14171
14683
13150
14177
14692
14185
13674
14192
13170
15731
14198
14711
14200
13176
14205
13696
13186
14724
13701
15239
15240
13193
13706
12682
13196
13710
14735
13719
14744
13726
13727
14240
12704
14242
12714
12720
14260
14774
14778
14267
13759
14271
15296
13762
14275
14276
14791
12745
13771
15820
15821
15822
12749
15826
12758
14295
13786
13787
13788
14812
14310
14824
14315
13294
14321
13811
13306
13820
22529
23044
23045
22536
23048
22542
23055
23056
23060
23061
23063
22555
23070
22563
23075
23076
23077
23083
23085
23086
23091
23092
23093
23097
22587
22592
23108
23109
22600
23112
22601
23115
23120
23121
23122
23125
23126
23128
23129
22624
23137
22631
23149
23151
23153
22642
23154
23158
23160
23161
23162
22654
22657
23169
23171
22660
22662
22664
23181
23187
22676
23190
23191
23194
23195
23196
22683
22691
22692
22696
22701
22712
22715
22716
22720
22723
22724
22726
22739
22743
22749
22755
22756
22757
22761
22773
22775
22777
22780
22781
22786
22788
22795
22797
22804
22809
22810
22813
22815
22817
22827
22828
22315
22832
22834
22838
22844
22845
22849
22851
22861
22862
22863
22868
22870
22872
22873
22875
22877
22878
22370
22886
22889
22381
22898
22899
22903
22907
22908
22913
22915
22917
22918
22919
22922
22925
22927
22928
22933
22936
22939
22944
22432
22946
22434
22436
22950
22956
22957
22959
22964
22965
22967
22971
22972
22973
22976
22464
22978
22982
22987
22991
22993
22995
23000
22490
23005
22494
23009
23010
22498
23014
23015
23016
23017
23021
23029
23030
23032
23036
23037
23039
4609
4099
4612
4102
4103
4616
4111
4115
4633
4121
4634
4640
4130
4643
4647
4135
4649
4651
4140
4654
4661
4150
4663
4149
4153
4665
4667
4670
4163
4676
4678
4169
4173
4175
4688
4178
4184
4697
4696
4187
4700
4701
4190
4704
4705
4707
4708
4709
4710
4198
4719
4720
4209
4212
4217
4729
4219
4730
4221
4733
4743
4232
4231
4234
4748
4749
4238
4750
4753
4241
4243
4245
4758
4757
4760
4250
4763
4764
4762
4256
4266
4267
4778
4782
4786
4788
4789
4278
4277
4280
4281
4794
4286
4800
4801
4290
4803
4805
4294
4807
4293
4810
4305
4822
4311
4824
4313
4833
4835
4836
4325
4837
4840
4328
4329
4331
4333
4848
4852
4341
4342
4854
4348
4358
4871
4360
4361
4874
4363
4872
4366
4880
4881
3860
4375
3864
4379
4891
4381
4382
4895
4897
4388
3876
4389
4905
4906
4395
4399
4913
4403
4404
4921
4922
4412
4417
4930
4937
4939
4428
4431
4435
4438
4439
4440
4442
4443
4955
4445
3936
4961
3939
4451
4969
4457
3946
4460
4461
3950
4976
4468
4981
4983
4472
4471
4479
4480
4481
4483
4490
5005
4494
3982
3984
4493
4504
4506
3998
4511
4513
4514
5029
4519
4520
4522
4523
4526
4016
4017
4529
4022
4027
4028
4539
4541
4030
5051
4545
4547
4548
4551
4552
4554
4043
4051
4564
4565
4054
4570
4058
4574
4064
4577
4580
4581
5093
4071
4583
4587
4076
4591
4592
4079
4595
4596
4597
4600
4089
4602
4091
4604
4606
4607
12294
11782
11783
11784
12302
12305
12306
12307
11797
11802
11817
11818
12341
12343
11833
11834
12347
11840
12357
11851
12365
12368
11861
11868
12385
11874
12386
11875
11877
12391
11886
11889
11895
11900
11909
11912
11929
12444
11933
11951
11953
11954
11455
11971
11973
11978
11981
11982
11992
11994
12006
11508
12021
12022
11520
12036
11524
12038
11526
11528
12042
12046
11535
12050
12060
12063
12069
11559
12081
12083
12092
11581
11585
12101
11591
12109
11601
12118
11606
12120
12121
12126
11614
11629
12142
12152
11643
12161
12164
12165
11655
12174
11668
11678
11679
12192
12198
11687
12200
12203
12205
11695
12209
11702
11709
11715
12241
11732
11734
12246
11737
12251
12259
12261
12262
11752
12265
11753
11765
11772
4611
4101
4613
5127
4107
4109
5141
4636
5155
4132
5158
5161
4650
5169
4658
4662
4151
4152
4669
4672
4161
4162
4677
4177
4692
4699
3676
4702
4703
4718
4208
5233
5234
5111
4220
5249
4738
4739
5252
5259
4239
4755
4244
5269
5272
4767
4769
4258
4262
4776
4783
3760
4785
4276
4793
4284
5311
3778
4297
4298
4811
4812
4815
4818
4827
4320
4832
5347
4326
3820
4863
4352
4866
4356
5384
4873
4877
5389
5395
3861
5397
4387
5411
3878
4910
4401
4405
4406
4918
4919
4925
4926
4415
4421
3922
3929
4441
4957
5473
4452
4453
4459
4977
4467
4980
4984
4474
4992
3970
4482
5003
4495
5012
3988
4509
4510
4001
4003
4516
4528
5044
4534
4537
5050
4543
4033
4041
5072
4561
4055
4571
4573
5087
5089
4579
4582
4593
4082
4599
4605
22546
22547
22562
22565
22573
22611
22633
20816
20825
20828
20832
20835
20853
20870
20871
20886
20891
20894
20898
20899
20903
20913
20920
20934
20945
20950
20954
20957
20965
20967
20971
20973
20974
20978
20980
20989
20996
21008
21012
21013
21015
21021
21022
21030
21031
21041
21044
21045
21046
21047
21051
21053
21071
21072
21074
21075
21085
21089
21093
21097
21098
21099
21106
21108
21113
21116
21126
21127
21129
21133
21136
21137
21145
21148
21155
21161
21170
21172
21174
21178
21180
21190
21197
21199
21205
21208
21210
21211
21212
21218
21219
21229
21235
21241
21249
21252
21253
21258
21267
21270
21276
21279
21281
21282
21287
21291
21292
21293
21307
21308
21316
21324
21326
21329
21332
21340
21346
21349
21350
21351
21352
21355
21361
21362
21372
21375
21381
21387
21391
21404
21410
21414
21419
21421
21424
21430
21432
21434
21436
21450
21455
21456
21458
21462
21471
21473
21474
21479
21487
21492
21501
21502
21508
21513
21527
21535
21538
21540
21547
21548
21551
21552
21559
21563
21577
21581
21584
21589
21599
21610
21611
21614
21619
21623
21627
21632
21638
21644
21649
21651
21652
21667
21668
21683
21686
21687
21690
21692
21702
21710
21714
21715
21719
21723
21730
21746
21748
21749
21750
21753
21761
21772
21776
21782
21789
21793
21801
21802
21805
21806
21809
21819
21823
21828
21829
21832
21839
21848
21850
21864
21866
21870
21871
21872
21879
21889
21902
21905
21906
21910
21924
21930
21933
21937
21955
21956
21962
21964
21968
21978
21990
21991
22009
22016
22020
22022
22023
22036
22045
22046
22064
22069
22078
22080
22087
22102
22110
22111
22115
22127
22135
22145
22150
22153
22169
22173
22175
22178
22202
22204
22212
22214
22217
22232
22236
22237
22268
22269
22276
22277
22284
22288
22291
22294
22298
22313
22314
22325
22327
22333
22335
22336
22344
22351
22352
22369
22374
22377
22382
22383
22388
22393
22394
22395
22398
22417
22425
22429
22442
22447
22448
22453
22458
22459
22468
22485
22489
22492
22502
22506
22514
22515
22522
19974
20488
19976
19980
19985
20499
19989
19992
19995
20511
20004
20006
20009
20011
20023
20029
20031
20032
20036
20567
20055
20061
20573
20070
20072
20076
20078
20081
20083
20093
20097
19587
20102
20121
20123
20125
20127
20140
19633
19634
20156
20160
20162
20164
20167
20170
20174
20175
19667
19678
19683
19684
20205
19693
19694
20211
20212
20214
19710
20223
19721
19722
20234
19724
20237
20252
20253
20254
20256
20257
19750
19756
19757
19761
20274
19763
19767
19768
19773
20291
19779
20298
20299
20300
20304
19793
20313
19803
19804
19808
19811
20325
20328
19818
20337
20339
19828
19829
20342
19839
19841
19842
19843
19852
19855
19857
20370
19859
20374
20375
20377
19875
19877
19880
20392
20395
19886
19888
19895
19899
19901
19906
20423
20424
19917
20433
19924
19929
19933
19934
20451
19942
19952
19953
20465
20464
19958
19966
14597
14216
14360
14105
14243
14759
13997
14641
14131
14259
14399
14530
14280
14049
13928
14826
14701
14453
14077
6148
6667
6669
6670
6672
6673
6678
6679
6169
6682
6171
6176
6177
6688
6691
7201
7206
6184
6706
6708
6198
6710
6713
6204
6717
6720
6721
6224
6736
6738
7250
6740
6744
6747
6236
6749
6750
6243
6758
6252
6766
6767
6256
6257
7283
6772
6774
6265
6783
6277
6791
6282
6796
6797
6800
6806
6302
7327
6304
6816
6818
6819
6820
6825
6314
6827
6828
6321
6325
6840
6336
6337
6849
6848
6851
6862
6354
6867
6877
6880
6372
6374
6375
6889
6382
6895
6896
6388
6392
6905
6907
6911
6400
6916
6921
6411
6926
6419
6931
6933
6425
6435
6948
6445
6446
6454
6459
5949
6464
5953
6980
6469
6984
6478
6486
7007
6497
6498
6509
6000
6516
6518
6525
6526
6016
6019
6539
6540
6029
6544
7061
6553
6559
6061
7085
6576
6582
6583
6591
6592
6081
6601
6090
6094
6608
6101
6613
6103
6111
7136
6626
6632
6635
6637
6641
6649
7163
6652
6654
13825
13826
13322
13327
13840
13330
14361
14364
13853
13854
13855
13341
13352
14384
14387
13879
13880
13885
13373
13887
13378
13379
14415
13394
13911
13402
13404
13921
13411
13419
13932
13425
13426
13943
13431
13947
13435
13437
13438
13955
13445
13963
13965
13457
13469
13470
13481
13489
14002
13490
13495
14008
14014
13502
13505
14022
13510
14024
13514
13518
14041
14043
13532
14048
13543
13547
13554
13566
14083
13573
13576
13582
14096
13585
14099
13587
13589
14113
14116
13606
13622
13626
14141
13629
14143
13637
13646
13648
13655
14170
13663
13665
14183
13672
14188
13682
13172
14199
13695
14207
13191
13705
14222
13712
13717
14232
13720
13210
14235
13725
14244
13735
13743
13231
13747
14265
14266
13243
13244
14274
13251
13764
13769
13258
13261
13774
14294
13785
14299
13277
13790
14303
14309
13799
13802
13291
14318
13296
14323
14332
13310
23040
23046
22026
22027
23050
22029
22545
21521
23058
23059
21526
22038
21016
22553
22041
23062
22044
21020
21534
23071
23065
21537
23066
21539
23079
21546
21035
23088
22577
22068
21558
22071
23096
22585
21049
22075
21050
22589
23094
23100
23103
23102
20546
22083
21572
21573
23107
21066
22091
23116
23123
22104
22617
22106
23134
23135
22112
21602
22627
21604
22629
21605
23141
23138
23139
22123
22635
23150
22638
22128
21110
22646
23159
22649
21626
22651
22140
23163
22142
23172
21637
22661
23177
22154
21642
20619
23178
23183
23189
21654
21656
22680
22170
22171
21147
23197
21150
21663
22681
21666
21154
22180
21156
22182
21671
21160
22693
22698
23204
23210
22702
21167
23214
22193
20658
22704
22708
20661
22714
22210
21698
22722
22727
22216
21705
21706
22219
21195
22218
22734
22736
22741
22742
22233
21724
21726
22754
21733
20709
22759
22762
21743
22767
22768
22772
22261
21752
22265
22266
22267
22778
21757
21245
21250
20745
22794
21259
22796
21775
21263
22799
22290
22803
22801
21269
22805
21784
21272
22808
22300
22301
22814
21277
22308
22309
21798
21799
21800
22825
20781
22829
21807
22835
22836
21304
21816
21822
22847
22850
22852
22854
22343
20807
22345
22858
22857
21836
22856
21328
22865
21330
21331
22357
22359
21849
22874
21851
22365
21853
20831
21344
22884
22376
22888
22890
22892
21358
22895
21360
22896
22894
22387
21877
22902
22391
21367
22904
22901
21884
21887
22914
21894
22408
21897
22920
21901
21390
21394
22420
20884
22932
21911
20888
22937
22935
22427
21916
22940
22941
22943
22942
20901
21415
22951
22954
22955
21934
21423
22960
22450
21427
21942
22457
21949
22974
21952
20929
22466
22977
22981
21447
21448
22985
22983
21963
22476
20940
22986
21967
22994
21461
22999
23002
21980
21468
21982
22495
21983
21470
23004
21475
23013
23020
21999
22512
23025
22002
21491
23028
20981
23026
23033
22524
22527
6149
5649
5651
5653
6174
6181
6185
6190
6194
5683
5686
5687
6208
5698
5703
5710
5713
5724
6238
5727
6244
6248
5743
6258
5752
5754
6273
6281
5770
6287
5777
6293
5781
6295
5792
5801
5805
5814
5821
5823
5318
5833
5835
6348
6350
6352
5842
5845
6357
5872
5877
5366
6396
6397
5889
5380
6404
5900
5903
5394
5907
5913
5919
5921
5924
5412
5926
5416
5424
5938
5426
5431
6457
5952
5961
5964
5454
5463
5466
5983
5984
5990
5481
5994
5993
5486
6001
6520
6014
5503
5507
6028
5519
5524
5527
5529
6044
6045
5543
6056
5551
6068
5558
6071
6075
6085
5580
5583
6098
5591
6107
5603
5605
6117
5610
6126
5615
5617
6134
5625
6139
5632
5122
5635
5129
5644
5139
5142
5150
5666
6180
5669
5156
5670
5157
5668
5676
5680
5170
5684
5174
5689
5179
5180
6205
5187
5701
5702
6215
5704
5194
5197
6221
5714
5205
5210
5218
5735
6249
5739
5229
5230
5750
5241
5246
6271
5248
5762
5764
5767
5255
5769
5257
4744
5773
5774
5775
5266
6292
5787
5276
5791
5280
5795
5288
5292
5293
5294
4781
5810
5309
5312
5824
6343
5322
5324
5325
5326
4814
5841
5847
4825
4826
5339
5340
5854
5344
5859
5864
4841
5354
4844
5870
4849
5362
5875
5878
4857
5372
5885
5377
5386
5387
5396
5909
4893
5405
5413
5418
5932
5423
5936
5425
4914
5939
4916
5428
5430
4917
5433
4923
5948
5439
5954
5956
4936
5449
4938
5453
5968
4945
5458
4946
5459
5970
5976
5470
4959
4964
5477
5992
4971
5485
5490
4979
5493
6011
5500
6017
5505
5515
5004
6027
5006
6032
5522
5523
5528
5018
5019
5531
6049
5545
5546
5548
5039
5040
6064
5557
5045
6074
5563
5054
5567
5055
5569
5062
5575
5579
5067
6092
5071
5588
5590
6106
5599
5601
5090
5091
5606
6120
5611
5105
5107
6136
5627
5119
4359
4233
3983
4242
4126
3873
4136
3882
4011
4023
4413
4295
4167
4301
3918
3799
4060
4189
4069
4203
4351
20544
20707
20697
20613
20581
20680
20585
20522
20778
20744
20654
20592
20656
20792
20601
20664
20766
22400
22305
22337
22338
22570
22484
22647
22334
5124
3588
4614
4619
4108
4623
4625
3604
5656
4652
3629
4142
4146
4659
5177
4154
4156
5182
4159
5694
4675
5190
4680
5195
4684
4686
4693
5208
5209
3672
3681
5219
5227
3698
4724
4725
4214
4224
4227
4230
3725
5264
4247
4249
3738
4252
4260
4775
4779
4268
3758
4285
5313
4802
5826
4806
4809
3788
4303
5839
4819
5844
4823
3801
4830
4831
4323
3814
5862
5871
3824
4339
5365
4855
4346
3841
3331
5388
3341
5390
3859
4884
4373
4376
4377
4888
5403
3869
5406
4383
5408
4901
5420
4400
3896
4411
4933
4426
3915
4429
4430
4944
5472
3433
3948
3949
4464
3448
4988
4991
4993
4995
3460
3973
4486
5511
5007
4497
5009
4500
4503
3481
3997
4512
4517
4009
4524
5036
4012
4015
4532
5049
4544
5057
4567
5080
5592
4572
4061
3553
4070
5612
5613
5614
5103
4081
3570
4083
5621
4095
20769
20262
20681
20369
20468
20533
20632
22017
21511
22025
22032
21524
21525
21543
22057
22059
22070
22074
22082
21574
22088
21578
22090
22093
21585
22097
21587
22099
22101
21590
21593
21606
22119
22124
21617
21495
22139
21628
21631
21634
22146
22147
21646
22159
22158
22166
21664
22181
22183
22185
21674
21678
21679
21682
22196
21689
22201
22206
21695
22213
21709
22222
21728
22242
21731
21732
21740
22253
22255
22260
22263
21756
22273
22279
21768
22281
21770
21774
21777
21779
22295
21786
21787
22318
22324
22328
22329
21825
21830
21831
22346
22347
21841
21842
22353
21846
21854
21859
21860
22373
21873
22397
21885
21891
22404
22407
22410
22412
21912
21913
21917
22433
21923
21926
21929
21940
22454
21944
21950
21958
21977
21988
21477
21993
21995
21484
21489
22005
21493
22007
22008
21494
21499
22014
21313
21445
21512
21353
20927
21420
21261
21017
20943
21523
21140
21043
21239
21433
21339
21596
21213
21119
7688
7852
7694
7855
7732
7704
7865
2851
2953
3082
3020
2860
2767
2673
2932
3001
5200
5131
3456
3333
3207
3465
3084
3088
3344
3345
3092
3609
3610
3356
3484
3230
3104
3363
3238
2983
3496
3241
3242
2986
3244
3495
3366
3626
2992
3636
3516
3390
3263
3008
3137
3775
3139
3392
3391
3657
3529
3195
3148
3277
3156
3159
3291
3167
3552
3424
3297
3556
3046
3303
3302
3561
3693
3437
3439
3441
3571
3702
3191
3450
3067
3069
14852
14993
14611
14869
14751
14630
14768
14643
14523
14780
14917
14411
15058
14931
14804
14684
14565
14822
14709
14458
14717
3616
3522
3458
3607
3684
3559
3690
3628
3472
3697
3543
3483
13312
13442
13956
13192
13324
13181
13839
13459
13588
13461
13207
13721
13850
13083
13596
13597
13724
13603
13732
13349
13989
13224
13226
13100
13870
13358
13493
13494
13751
13369
13245
13374
13760
13377
13634
13120
13891
13633
13125
13256
13513
13902
13778
13524
13270
13656
13272
13016
13917
13406
13281
13538
13028
13416
13673
13545
13803
13162
13295
13680
13553
13813
13430
13688
13689
13821
13439
23073
23018
23117
23024
23068
23007
21504
21519
21522
21532
22047
21545
22061
21550
21554
21555
21557
21560
21565
21567
21568
22084
21579
21583
22103
21598
21609
21618
22130
21620
21621
21625
21635
21636
22151
21643
21647
21139
22168
21658
21669
21673
21162
21685
21183
21697
21699
21701
21189
21707
21196
21716
21717
21727
21216
21737
21225
21742
21240
21755
21246
21763
21764
21765
21254
21769
21264
21266
21785
21273
21791
21280
21284
21797
21804
21810
21298
21814
21309
21824
21315
21322
21325
21838
21840
21843
21338
21341
21342
21348
21861
21863
21354
21359
21365
21368
21880
21376
21893
21382
21895
21896
21388
21393
21397
21400
21914
21915
21406
21425
21426
21941
21947
21948
21437
21439
21441
21444
21446
21965
21457
21460
21973
21464
21469
21986
21478
21481
21994
21486
21488
21497
22012
21503
14857
14863
14864
14887
14888
14889
14904
14395
14912
14919
14926
14929
14930
14934
14935
14936
14426
14941
14947
14957
14451
14965
14978
14471
14990
14991
14478
14995
15001
15006
15007
14494
15013
14503
15022
14514
15027
15028
14518
15034
15039
14532
15045
14535
15050
15057
14547
14554
15070
14559
15071
15076
15091
14581
15093
15094
14584
14591
15106
14594
15108
15109
14604
14605
15118
14607
15116
15125
15129
14625
15141
15147
14636
15158
14647
15161
15174
14663
14665
15179
14669
14674
15191
15194
14685
15197
15200
14689
14688
14698
15219
15220
14710
15224
15226
14715
15237
14727
14737
15249
15252
14742
14743
15257
15260
14750
14756
14757
14760
15276
15283
14777
14783
14789
15308
14802
15315
14809
14819
14827
14830
14833
14834
14840
14846
20737
20775
20712
20620
20659
20702
20670
16240
16259
16269
16215
20228
20318
20095
6456
6505
6542
6406
3338
3340
3343
3357
3360
3233
3365
3381
3254
3253
3384
3266
3394
3271
3406
3283
3415
3295
3429
3310
3440
3313
3452
3326
12960
12873
12916
12051
12018
12099
11976
7466
7372
7573
7478
7386
21811
21815
14261
