357
359
359
374
378
365
359
378
369
362
372
375
368
367
363
375
378
358
371
377
375
377
364
364
369
370
362
376
373
358
377
378
360
373
359
359
378
358
371
367
358
368
363
362
364
360
364
377
369
375
371
374
378
378
359
369
378
357
370
357
377
357
369
378
378
370
377
361
362
373
362
371
375
373
358
358
357
377
378
358
362
357
358
366
376
357
378
378
378
357
372
357
358
360
357
363
378
378
378
363
357
360
378
360
362
377
378
358
358
371
378
371
359
358
374
368
373
360
373
357
366
375
374
377
373
369
372
376
357
376
373
378
359
358
362
373
361
359
366
359
372
372
368
358
366
366
362
376
362
372
368
372
367
357
377
375
377
369
366
363
372
357
373
363
378
362
373
378
362
376
376
360
367
373
368
370
378
376
367
358
365
376
374
371
366
357
378
361
361
365
364
375
378
375
357
357
375
372
357
377
357
357
372
367
362
372
372
374
363
367
357
361
376
366
366
358
378
361
357
372
371
378
373
360
378
375
359
376
360
367
364
366
372
357
368
357
360
378
378
357
376
373
361
368
378
361
372
366
365
358
