89
149
120
113
123
202
176
298
170
94
288
159
121
222
117
98
103
89
142
228
207
104
159
115
117
106
164
276
103
105
109
156
159
175
168
130
119
298
97
202
152
139
140
200
235
234
128
197
280
164
279
93
172
80
173
136
138
130
186
148
194
86
120
214
221
100
141
114
198
374
263
405
325
213
288
285
299
312
164
326
317
311
154
237
430
374
255
253
381
256
271
504
415
374
311
203
114
257
336
271
195
259
327
170
136
325
467
282
422
372
393
205
34
140
261
240
183
302
469
374
368
273
152
362
372
297
450
256
281
204
200
378
424
93
304
277
151
304
337
260
185
362
181
251
313
325
344
399
281
497
281
202
304
307
156
378
213
258
142
402
301
410
258
136
237
171
322
344
170
353
356
368
434
172
207
359
333
322
473
336
245
434
212
220
376
273
315
352
149
427
360
276
483
351
448
269
397
479
390
366
242
418
344
168
173
366
221
313
296
301
343
189
444
323
391
312
344
460
258
413
200
241
163
149
183
358
321
244
414
275
223
326
392
372
253
563
220
269
175
363
145
400
292
227
203
200
352
308
211
270
315
424
487
322
330
155
259
335
126
243
334
342
235
336
275
197
392
272
383
267
124
482
153
373
370
433
450
223
138
390
403
303
324
300
408
321
392
355
346
370
365
446
350
476
371
329
258
285
205
419
235
362
413
210
333
234
235
362
385
487
290
347
321
178
337
249
285
233
220
348
487
277
473
338
218
267
451
161
423
369
327
427
418
311
429
166
459
339
362
234
305
427
446
190
304
395
361
378
224
230
215
276
510
433
354
174
163
327
377
335
440
378
372
399
320
374
182
224
351
241
408
410
428
323
268
443
302
277
409
271
237
323
306
325
222
376
452
240
422
376
413
154
184
388
266
281
343
