89
149
120
113
123
202
176
298
170
94
288
159
121
222
117
98
103
89
142
228
207
104
159
115
117
106
164
276
103
105
109
156
159
175
168
130
119
298
97
202
152
139
140
200
235
234
128
197
280
164
279
93
172
80
173
136
138
130
186
148
194
86
120
214
221
100
141
114
198
374
263
439
325
236
305
309
299
312
190
326
351
334
252
272
459
381
255
253
381
256
282
521
440
374
312
244
146
270
336
288
232
259
350
196
169
383
493
315
422
376
394
271
34
200
261
302
212
337
501
393
393
287
192
423
430
318
450
315
314
263
224
400
479
185
337
355
218
304
389
348
251
391
189
300
322
344
344
437
332
527
281
263
384
353
196
378
275
258
231
402
347
462
258
225
288
257
343
391
244
390
356
388
434
236
252
382
410
355
586
413
279
434
294
276
401
335
336
384
237
472
398
276
556
351
540
343
457
482
442
366
285
418
421
207
218
366
222
313
378
301
343
269
444
410
446
312
344
519
290
413
262
294
191
240
268
388
368
287
414
353
311
402
441
448
310
609
276
342
261
410
263
446
292
227
249
270
393
412
327
334
407
424
534
385
403
226
401
452
275
243
384
423
319
336
301
262
461
311
418
295
283
542
277
404
436
477
470
330
236
411
516
354
349
369
531
386
392
419
346
387
425
499
417
479
470
420
311
295
269
446
278
396
449
284
361
279
309
390
411
487
337
347
409
274
337
327
335
343
288
393
507
327
521
371
306
299
522
285
476
425
421
434
438
347
465
274
532
374
409
369
311
427
472
338
322
467
375
484
310
278
364
361
551
471
457
294
270
368
377
385
478
412
467
454
353
430
316
349
423
286
418
410
445
336
364
443
421
316
477
342
289
379
482
360
340
392
452
351
449
536
543
271
305
466
370
314
375
