122
129
28
130
127
467
31
119
180
128
247
288
125
129
17
240
134
28
386
121
56
137
354
4
147
156
135
121
159
122
50
13
2
267
221
90
137
270
21
122
129
119
123
40
168
121
126
142
27
1
14
153
126
173
129
8
123
469
145
121
4
133
46
123
92
126
3
21
16
129
4
1
13
235
208
191
143
55
20
68
4
26
25
142
142
12
9
51
101
170
9
131
10
1
8
145
341
142
126
134
175
140
119
122
31
1
26
14
126
234
15
4
40
140
334
24
94
188
153
272
241
1
1
136
139
118
403
120
138
32
109
117
21
131
7
3
118
127
122
120
115
147
147
11
20
3
227
164
270
121
122
190
160
341
122
56
136
179
119
206
21
173
4
124
122
69
120
165
120
122
121
140
127
44
119
152
160
146
12
23
176
134
19
115
14
171
173
152
127
120
12
55
127
124
15
5
126
4
127
136
261
2
124
91
72
8
154
2
2
416
67
151
105
119
133
120
138
123
126
10
183
123
92
48
5
2
1
8
67
130
23
30
3
21
36
125
170
3
140
8
3
13
41
25
128
12
9
136
189
60
124
123
115
166
166
148
123
137
25
121
3
140
3
129
118
26
18
34
125
105
2
198
6
115
161
37
38
7
123
55
52
24
42
3
6
8
3
17
15
16
4
18
2
7
6
20
1
2
3
1
2
2
1
10
4
1
3
3
2
