89
149
120
113
123
202
176
298
170
94
288
159
121
222
117
98
103
89
142
228
207
104
159
115
117
106
164
276
103
105
109
156
159
175
168
130
119
298
97
202
152
139
140
200
235
234
128
197
280
164
279
93
172
80
173
136
138
130
186
148
194
86
120
214
221
100
141
114
198
325
224
291
284
163
238
232
187
272
149
213
319
247
132
198
395
344
229
220
319
157
245
477
340
329
271
146
107
187
336
259
174
235
190
117
128
283
206
245
376
211
209
170
27
121
211
186
149
269
315
338
241
260
123
337
255
241
205
244
270
57
184
304
407
76
268
58
126
265
205
270
157
305
127
263
226
245
163
361
250
341
250
158
256
253
161
340
179
224
81
229
298
294
220
134
115
139
313
179
157
152
306
296
255
151
128
212
132
261
375
271
112
396
206
223
252
197
291
345
117
426
359
244
331
308
270
100
405
446
160
173
182
416
262
127
175
189
186
182
226
247
343
126
444
271
113
254
344
196
241
361
196
159
150
72
144
301
157
246
414
104
49
118
249
332
259
446
119
198
139
367
109
400
255
227
146
171
108
197
181
215
263
424
250
314
256
117
103
94
71
243
159
304
93
300
242
171
148
183
174
171
57
402
73
69
287
220
271
175
19
359
87
284
118
273
171
21
148
209
346
292
354
148
118
260
136
127
219
285
148
200
177
121
171
82
333
167
168
209
133
193
272
196
194
97
203
157
246
162
175
245
382
211
241
321
48
260
203
93
132
144
108
220
310
134
402
91
85
167
319
143
249
427
133
95
240
203
161
127
154
219
170
243
425
97
77
119
99
280
337
92
246
7
70
259
250
150
111
139
182
21
203
287
237
266
63
205
110
233
175
176
126
145
147
153
131
200
447
123
330
175
118
104
112
185
84
199
202
