89
149
120
113
123
202
176
298
170
94
288
159
121
222
117
98
103
89
142
228
207
104
159
115
117
106
164
276
103
105
109
156
159
175
168
130
119
298
97
202
152
139
140
200
235
234
128
197
280
164
279
93
172
80
173
136
138
130
186
148
194
86
120
214
221
100
141
114
198
344
230
304
289
163
236
225
183
278
143
255
314
247
105
192
364
352
224
215
311
162
247
474
347
342
277
126
97
193
336
245
149
230
178
130
128
266
228
248
389
210
257
158
31
114
229
180
142
245
301
339
270
264
130
322
222
235
210
214
251
62
172
306
413
59
265
89
101
275
199
232
143
328
133
244
249
253
156
361
231
353
249
121
280
238
151
349
160
227
86
239
280
283
229
108
160
114
308
161
130
167
306
280
272
157
137
197
90
282
309
274
113
404
198
212
256
209
283
329
97
412
350
246
279
321
231
108
384
434
112
183
190
418
245
131
161
180
192
177
232
262
343
124
444
277
95
276
344
186
233
382
194
158
135
80
135
308
103
227
414
99
63
96
258
305
244
412
143
202
136
353
101
388
262
227
156
145
119
211
178
228
262
424
238
306
266
134
96
82
77
243
154
283
107
306
252
181
160
164
142
165
77
392
100
66
311
209
270
137
31
363
94
287
119
288
184
35
133
235
346
309
359
133
123
269
143
110
215
284
156
188
157
133
176
75
331
184
187
226
132
177
259
190
257
114
193
197
260
151
192
235
377
239
228
312
55
256
206
104
137
160
112
169
317
140
413
111
107
156
339
177
249
427
121
140
262
222
160
116
165
224
190
255
442
97
98
136
126
289
346
67
234
0
99
236
259
154
135
164
168
31
193
285
229
266
72
163
138
242
183
184
131
165
174
157
160
179
452
142
322
164
105
125
136
188
119
198
187
