5.524787106574076123e-01
2.879056257628322402e-01
5.617888632967792395e-01
2.876768139047362061e-01
5.956541147357946597e-01
5.727784988184648762e-01
5.312054303061790606e-01
2.861697583916872345e-01
5.519357364155216272e-01
2.866413882553619508e-01
2.811702054760367719e-01
5.479676645652136191e-01
2.636953954486762064e-01
2.868255586076256525e-01
1.110669505681079361e+00
2.725407448829132440e-01
2.733633074077346237e-01
5.583024290058700156e-01
2.826579609620631928e-01
2.835419356475597508e-01
2.761723218737777708e-01
2.850478053182510796e-01
2.703185917821862572e-01
2.867798798580320496e-01
2.826952337603854670e-01
2.768974144990667408e-01
2.825530016446728965e-01
2.801057236695922437e-01
5.641424642688154245e-01
2.852343614371933289e-01
5.293825916413683608e-01
2.719109608542476519e-01
2.891126582537747458e-01
2.866092383698319312e-01
2.810013134633859155e-01
2.847994697624420257e-01
2.870534217033336999e-01
2.856201684324437551e-01
2.872248268829482587e-01
5.515288607511977803e-01
5.499291016460023940e-01
2.847882274505716960e-01
2.868677256454091329e-01
2.774272732340659076e-01
2.837604929270652332e-01
2.738152494249486701e-01
2.834747691028971506e-01
2.858827287633319836e-01
5.416822937896009771e-01
2.833530725853671828e-01
5.456402733507648151e-01
2.878384301981120053e-01
2.833628455134503676e-01
2.767094484971770463e-01
2.734520863528058232e-01
2.811485248944755044e-01
5.695653825153996763e-01
2.726068223842035843e-01
2.816956181550966387e-01
2.744577400281046353e-01
2.809840567093170871e-01
2.874074527871083307e-01
3.707012542852392012e-01
5.698056525593282462e-01
2.832088818498309513e-01
5.513882540856736014e-01
2.859509319860801257e-01
5.385830206824687716e-01
2.857942692518762318e-01
5.587114333719129800e-01
5.494582379054615551e-01
2.850808431736062132e-01
4.860711624118860819e-01
2.824586496846525630e-01
2.851675690312105438e-01
1.785869441051170847e+00
5.452950970744845360e-01
2.843289505338720824e-01
2.844469617009330320e-01
2.858750463819811349e-01
2.671356588075728400e-01
2.855819142890574924e-01
2.828435774545106085e-01
2.804293492301256352e-01
2.864942796571482986e-01
5.449323305499574888e-01
2.872110270927610287e-01
5.717700836238942541e-01
2.871333125608555581e-01
2.867693055481042586e-01
5.210279799562359537e-01
2.810146694790293664e-01
2.734344692873599270e-01
2.867693324608835415e-01
2.837076759313267860e-01
5.599274105498506238e-01
2.774148699234044724e-01
2.815195954262768030e-01
5.663224340050977412e-01
5.670352758763081980e-01
5.628764661138220271e-01
5.667369155752586263e-01
1.309159179093896119e+00
3.443310256545708548e-01
2.861617599023004166e-01
2.723758071646834034e-01
5.738062719956730229e-01
2.844313443345485859e-01
2.823706778202153544e-01
2.807356113044237600e-01
2.777381033475340155e-01
2.693965425964917060e-01
5.612919111837914032e-01
2.806434609165454064e-01
2.827405955471312127e-01
3.923306527430698298e-01
2.893039019262358957e-01
2.873662566425778664e-01
2.859720147766539045e-01
2.856971571438101098e-01
2.875749073901025521e-01
2.859498434132813349e-01
2.722746625288079425e-01
2.870438780038241378e-01
5.613412487944522411e-01
2.758182908873624828e-01
2.862491400996878266e-01
2.786486991347174591e-01
2.841105321088285840e-01
5.719638840474607910e-01
2.875445626942815247e-01
2.852214404262374270e-01
2.882074397846681735e-01
2.880251356721201805e-01
2.856880140287050285e-01
2.869812258902356694e-01
5.638580013799129320e-01
2.717343975201854112e-01
2.853197192832392370e-01
2.806346757582477980e-01
2.880690804718475384e-01
5.749739893491285780e-01
2.862800531741007681e-01
2.798443761364393101e-01
2.871016188180699480e-01
5.598622040430573099e-01
2.871415997579345736e-01
2.827600032324322221e-01
2.693988412519178755e-01
2.862523370864805128e-01
2.714982410918420630e-01
2.876999995386705367e-01
2.698268275330026333e-01
5.767829237244369578e-01
2.751248720887861654e-01
2.836663767886407617e-01
2.806885864430537780e-01
2.796316623386410627e-01
2.857205898003472022e-01
5.625174435005647622e-01
2.878104569545015812e-01
2.890664390791630733e-01
2.721498827146984212e-01
3.583631142683590398e-01
2.744000912962386574e-01
5.755543183468690982e-01
2.910812726598992484e-01
2.782560983990209347e-01
5.560046743779785139e-01
2.722656608143110835e-01
2.779028510341576275e-01
2.918164304800626718e-01
5.673584269547621295e-01
2.735282575934862570e-01
5.688372905054612794e-01
5.734841664158368824e-01
2.917435321596887343e-01
2.872777402524935852e-01
2.813959494139131601e-01
2.869299747863603978e-01
5.584703827054059433e-01
5.694042861297319291e-01
2.817720246056783506e-01
5.661128386138334356e-01
5.743284115904760956e-01
2.743403757522759334e-01
5.574845486685681140e-01
2.875771114767930459e-01
2.871113138119291142e-01
2.907820141509639411e-01
5.674656438774777767e-01
5.717417464002385596e-01
5.653292877342854794e-01
5.753982964052659632e-01
2.878491799086277947e-01
5.739725392515686586e-01
2.681824131434171754e-01
5.440551189441905633e-01
5.233176306498128483e-01
5.752347051719223225e-01
5.746668181197029934e-01
5.970575353000089347e-01
4.614823820329940207e-01
1.917863886242204607e+00
4.401865060239482652e-01
2.190496331225223248e+00
