0
1
4
7
10
15
17
21
26
30
36
41
44
49
54
55
58
64
68
74
78
84
90
95
100
106
112
118
124
128
133
136
141
148
153
159
165
170
176
183
187
191
197
203
209
215
220
226
232
236
242
246
253
259
265
271
277
281
286
292
297
303
309
314
317
324
328
334
338
344
348
352
358
361
366
371
373
377
383
388
393
398
403
410
415
422
427
432
436
442
448
452
457
462
467
473
477
483
489
493
497
501
505
507
513
518
523
527
533
539
545
551
556
560
566
572
577
584
591
597
603
609
615
621
627
631
637
643
649
655
659
664
670
675
680
685
690
694
699
704
711
717
721
727
733
738
742
747
752
758
764
769
774
779
782
787
792
797
802
807
811
817
822
826
830
836
837
842
846
849
853
856
863
865
869
872
875
880
884
888
893
896
899
905
909
913
918
922
928
934
941
945
949
953
957
963
967
972
976
980
984
988
993
997
999
1002
1004
