2
3
7
9
0
4
10
1
9
13
2
6
10
12
16
7
17
4
8
12
18
1
5
9
17
20
6
11
18
21
1
3
7
13
20
22
2
4
15
16
23
8
14
21
4
6
16
18
24
3
9
19
22
25
11
10
19
23
4
10
12
23
24
26
5
7
20
28
6
8
12
21
24
27
13
15
25
29
7
9
17
22
28
32
8
11
18
27
30
31
9
13
20
25
32
10
15
16
26
33
12
16
18
26
27
34
13
19
22
29
32
35
16
23
24
33
34
37
18
21
24
31
34
38
17
20
32
40
19
25
35
36
41
21
31
39
21
27
30
38
39
20
22
25
28
35
40
43
23
26
36
37
42
24
26
27
37
38
44
25
29
32
41
43
45
29
33
41
42
46
26
33
34
42
44
47
27
31
34
39
44
48
49
30
31
38
48
28
32
43
50
29
35
36
45
46
51
33
36
37
46
47
52
32
35
40
45
50
54
34
37
38
47
49
53
35
41
43
51
54
36
41
42
51
52
55
37
42
44
52
53
58
38
39
49
56
38
44
48
53
56
57
40
43
54
62
41
45
46
54
55
59
60
42
46
47
55
58
61
44
47
49
57
58
64
43
45
50
51
60
62
46
51
52
59
61
66
48
49
57
65
49
53
56
64
65
47
52
53
61
64
68
51
55
60
66
71
51
54
59
62
71
73
52
55
58
66
68
74
50
54
60
63
73
62
67
78
53
57
58
65
68
76
77
56
57
64
76
55
59
61
71
74
79
63
69
78
82
58
61
64
74
77
81
67
70
80
82
69
72
80
85
59
60
66
73
79
84
70
75
85
60
62
71
83
84
61
66
68
79
81
72
85
64
65
77
87
64
68
76
81
87
88
63
67
82
86
89
66
71
74
84
91
69
70
82
85
90
68
74
77
88
93
67
69
78
80
89
90
95
73
84
86
92
94
71
73
79
83
91
92
96
70
72
75
80
90
78
83
89
94
97
76
77
88
103
77
81
87
93
103
105
78
82
86
95
97
106
80
82
85
95
79
84
96
104
108
83
84
94
96
107
81
88
104
105
109
83
86
92
97
107
110
82
89
90
106
84
91
92
107
108
118
86
89
94
106
110
115
101
103
111
116
100
101
113
114
99
102
112
114
98
99
113
116
100
112
87
88
98
105
111
117
91
93
108
109
119
88
93
103
109
117
89
95
97
115
92
94
96
110
118
120
91
96
104
118
119
123
93
104
105
117
119
121
94
97
107
115
120
126
98
103
116
117
122
100
102
114
124
99
101
114
116
125
127
99
100
112
113
124
127
97
106
110
126
129
98
101
111
113
122
125
128
103
105
109
111
121
122
130
96
107
108
120
123
132
104
108
109
121
123
131
107
110
118
126
132
133
109
117
119
130
131
135
111
116
117
128
130
134
108
118
119
131
132
138
112
114
127
136
113
116
127
128
137
139
110
115
120
129
133
140
113
114
124
125
136
139
116
122
125
134
137
142
115
126
140
141
117
121
122
134
135
119
121
123
135
138
143
118
120
123
133
138
120
126
132
140
144
122
128
130
142
147
121
130
131
143
146
124
127
139
145
125
128
139
142
148
123
131
132
143
149
125
127
136
137
145
148
150
126
129
133
141
144
151
129
140
151
153
128
134
137
147
148
154
131
135
138
146
149
152
133
140
151
156
158
136
139
150
159
135
143
152
155
160
134
142
154
155
157
137
139
142
150
154
161
138
143
152
156
162
163
139
145
148
159
161
140
141
144
153
158
143
146
149
160
163
141
151
165
142
147
148
157
161
146
147
157
160
164
144
149
158
162
166
147
154
155
164
167
144
151
156
166
170
145
150
161
168
146
152
155
163
164
169
148
150
154
159
168
149
156
163
166
149
152
160
162
155
157
160
167
169
171
153
156
158
162
170
172
157
164
171
173
159
161
175
160
164
171
174
158
166
176
164
167
169
173
174
182
183
166
180
167
171
179
182
169
171
183
168
177
184
170
178
180
185
186
175
179
184
187
176
181
185
189
173
177
182
187
188
172
176
186
178
189
191
171
173
179
183
188
190
171
174
182
190
175
177
187
193
176
178
186
189
192
176
180
185
192
177
179
184
188
193
194
179
182
187
190
194
195
178
181
185
191
192
196
198
182
183
188
195
181
189
196
197
185
186
189
198
184
187
194
199
187
188
193
195
199
200
188
190
194
200
189
191
197
198
201
191
196
201
202
189
192
196
201
193
194
200
203
194
195
199
203
196
197
198
202
204
197
201
204
205
199
200
201
202
205
202
204
