-1.244905274643677562e-01
-4.905062962524493475e-01
-5.546592249133316388e-01
-6.175283500172625839e-01
-1.244905274643677562e-01
-2.350698684775396341e-01
-7.879716604379718436e-01
-4.905062962524493475e-01
-5.618170764558840791e-01
-6.017506008296740205e-01
-2.350698684775396063e-01
-1.253673565157441550e-01
-4.858626381119081072e-01
-5.554883047180565470e-01
-2.770384788180745295e-01
-6.661992188063501352e-01
-2.054201170147639255e-01
-1.253673565157440994e-01
-2.776183627760927530e-01
-1.102604500692570433e+00
-3.769206561254520027e-01
-5.546592249133316388e-01
-6.661992188063501352e-01
-7.129963148514226745e-01
-6.319220610128147841e-01
-4.198782877874148167e-01
-2.776183627760927530e-01
-3.830532154705162950e-01
-8.671577596177844072e-01
-2.839757945489851387e-01
-6.175283500172625839e-01
-5.618170764558839680e-01
-7.129963148514226745e-01
-5.849734042482461760e-01
-4.200815895397634891e-01
-5.912829914491832817e-01
-7.879716604379719547e-01
-4.858626381119081628e-01
-3.782664211337946614e-01
-8.636651880698049677e-01
-5.494063230183402480e-01
-3.830532154705162950e-01
-3.860690184831111482e-01
-8.195260842565423864e-01
-5.554883047180565470e-01
-1.102604500692570433e+00
-1.010075132479967053e+00
-4.218628445212578848e-01
-7.022235279014004128e-01
-6.017506008296740205e-01
-5.849734042482460650e-01
-7.026329138341305125e-01
-5.418687941823729926e-01
-4.106803483503381758e-01
-3.860690184831111482e-01
-3.782664211337946059e-01
-8.464718136166164975e-01
-5.704267948606887018e-01
-2.770384788180744740e-01
-8.636651880698049677e-01
-1.010075132479967053e+00
-6.224460182714373069e-01
-2.922820012262035139e-01
-5.926286108044923617e-01
-2.054201170147639255e-01
-6.319220610128147841e-01
-8.340331343322500146e-01
-1.197686054279373247e-01
-3.769206561254521137e-01
-8.671577596177844072e-01
-4.218628445212578848e-01
-5.887117218919935002e-01
-5.656670645788862695e-01
-7.175247625753901071e-01
-7.026329138341305125e-01
-8.464718136166164975e-01
-5.826455253222875275e-01
-4.884697565869284830e-01
-4.198782877874148167e-01
-4.200815895397634891e-01
-8.340331343322500146e-01
-9.176620941513722318e-01
-7.567488101604522566e-01
-2.725237469284412795e-01
-2.839757945489851387e-01
-8.195260842565422754e-01
-5.887117218919935002e-01
-3.245594387198061925e-01
-1.835059717817872360e-01
-7.392137099390190258e-01
-5.912829914491835037e-01
-5.418687941823729926e-01
-9.176620941513722318e-01
-9.484805915726763903e-01
-7.000441253982828682e-01
-5.494063230183402480e-01
-5.704267948606887018e-01
-6.224460182714373069e-01
-4.442322144691246422e-01
-6.719686964347200142e-01
-7.022235279014004128e-01
-2.922820012262035139e-01
-5.656670645788862695e-01
-8.289297570406466420e-01
-5.258928784124778932e-01
-6.223831224245057747e-01
-4.106803483503380647e-01
-5.826455253222875275e-01
-9.484805915726763903e-01
-6.653855250538982524e-01
-2.227148402496549884e-01
-7.815389527535758774e-01
-5.926286108044924728e-01
-4.442322144691246422e-01
-8.289297570406466420e-01
-6.370161218446600548e-01
-3.154516103899446255e-01
-7.209006898830121468e-01
-7.175247625753901071e-01
-3.245594387198061925e-01
-5.258928784124778932e-01
-8.547134532712972188e-01
-7.439967670441558489e-01
-4.033932641983392631e-01
-1.197686054279373663e-01
-7.567488101604522566e-01
-6.422175854822468333e-01
-2.538668917794246749e-01
-4.884697565869285385e-01
-6.653855250538982524e-01
-4.984028591226212779e-01
-4.196790719506164891e-01
-6.929486249324908753e-01
-1.835059717817872360e-01
-8.269799351588535963e-01
-3.091490360185034647e-01
-7.392137099390188038e-01
-8.547134532712972188e-01
-8.269799351588535963e-01
-7.251548599113022409e-01
-5.316125159604901951e-01
-2.725237469284412795e-01
-7.000441253982827572e-01
-2.227148402496549884e-01
-6.422175854822468333e-01
-6.531244969694414149e-01
-5.532232850586851214e-01
-4.150111965701306360e-01
-6.719686964347199032e-01
-6.370161218446600548e-01
-6.329208904612267927e-01
-4.673544633313914121e-01
-6.531533992601155081e-01
-6.223831224245057747e-01
-3.154516103899446255e-01
-7.439967670441559600e-01
-6.171779308610962911e-01
-4.041301619871996431e-01
-8.555626342501212456e-01
-7.815389527535757663e-01
-4.984028591226212779e-01
-6.531244969694414149e-01
-3.977952219525374700e-01
-5.749371032923452640e-01
-6.054438581589323132e-01
-4.196790719506164891e-01
-6.329208904612269038e-01
-6.454885056012413802e-01
-5.154404646379151522e-01
-6.146636198668931073e-01
-7.209006898830121468e-01
-4.673544633313914121e-01
-6.171779308610962911e-01
-5.565290920293858301e-01
-4.181490174501849566e-01
-7.210421230620808197e-01
-4.033932641983392631e-01
-7.251548599113022409e-01
-4.041301619871996431e-01
-4.086010357884224398e-01
-4.316594243400364572e-01
-2.645383827763904128e-01
-8.441160565606650179e-01
-3.091490360185034647e-01
-5.316125159604901951e-01
-4.086010357884224398e-01
-5.637791554189184318e-01
-2.538668917794247304e-01
-5.532232850586851214e-01
-9.264020422136770572e-01
-8.492400407021674646e-02
-6.929486249324906533e-01
-3.977952219525374700e-01
-6.454885056012413802e-01
-7.537278689438708934e-01
-5.664042637461205176e-01
-4.550166170273467481e-01
-6.531533992601156191e-01
-5.154404646379151522e-01
-5.565290920293858301e-01
-5.991948455253472972e-01
-4.506731680732871670e-01
-7.109362038781751325e-01
-4.150111965701306360e-01
-5.749371032923452640e-01
-9.264020422136771682e-01
-7.399350867971276058e-01
-7.270984033995246953e-01
-2.211644457052513169e-01
-8.555626342501213566e-01
-4.181490174501849566e-01
-4.316594243400364572e-01
-5.465676142801711990e-01
-6.382755329977773950e-01
-6.338845322369059954e-01
-6.054438581589322022e-01
-7.537278689438708934e-01
-7.399350867971277168e-01
-6.932203457304975114e-01
-8.597703846084101542e-01
-6.146636198668933293e-01
-5.664042637461204066e-01
-5.991948455253472972e-01
-5.729942075317699945e-01
-3.218451001299814651e-01
-8.525487772905584460e-01
-7.210421230620808197e-01
-4.506731680732871670e-01
-5.465676142801711990e-01
-7.210957889094640194e-01
-5.885679788585547190e-01
-4.699911152438431827e-01
-2.645383827763904128e-01
-5.637791554189184318e-01
-6.261135105435147175e-01
-3.916695372781485163e-01
-8.441160565606649069e-01
-6.382755329977773950e-01
-6.261135105435147175e-01
-3.796723964208534863e-01
-4.238453585220290920e-01
-6.171430399137369793e-01
-8.492400407021671871e-02
-7.270984033995246953e-01
-8.810805590931203302e-01
-1.396063271610457901e-01
-4.550166170273466926e-01
-6.932203457304975114e-01
-5.729942075317699945e-01
-3.308755591079387548e-01
-2.849265654466980324e-01
-8.002101365962958068e-01
-3.369278225915328107e-01
-7.109362038781750215e-01
-3.218451001299815761e-01
-7.210957889094640194e-01
-6.754299419077054445e-01
-4.304368993563707502e-01
-6.693002430392480662e-01
-6.338845322369058843e-01
-5.885679788585547190e-01
-3.796723964208535973e-01
-8.811379371307088704e-01
-8.800652111141666900e-01
-2.505709470775292491e-01
-2.211644457052513724e-01
-8.597703846084101542e-01
-8.810805590931203302e-01
-3.308755591079388103e-01
-8.453824692498559390e-01
-5.186743617810054552e-01
-8.525487772905584460e-01
-2.849265654466980324e-01
-6.754299419077054445e-01
-7.335034230276746836e-01
-4.997518193699092004e-01
-5.106783373097876222e-01
-3.916695372781484608e-01
-4.238453585220290920e-01
-6.671975057650940677e-01
-2.730122802678318639e-01
-6.171430399137369793e-01
-8.811379371307088704e-01
-6.671975057650940677e-01
-8.677814321231559491e-01
-6.350268552004115774e-01
-4.699911152438432382e-01
-4.304368993563707502e-01
-8.800652111141666900e-01
-6.037761575464009045e-01
-4.119899773375346186e-01
-7.536716129442604384e-01
-8.002101365962958068e-01
-7.335034230276746836e-01
-7.886525454864803386e-01
-6.633230583790792334e-01
-6.578590195480460423e-01
-3.369278225915328107e-01
-8.453824692498559390e-01
-7.886525454864803386e-01
-6.067341525901817079e-01
-4.117155934999690015e-01
-5.695082027336207942e-01
-6.693002430392480662e-01
-4.997518193699092004e-01
-6.037761575464009045e-01
-5.511855107155004818e-01
-5.144269212484118281e-01
-6.409402420086046659e-01
-1.396063271610457901e-01
-5.186743617810054552e-01
-6.067341525901817079e-01
-2.314451339933453478e-01
-5.726586663806119137e-01
-2.314451339933453200e-01
-3.096911208055196374e-01
-4.645758093463039917e-01
-2.505709470775291936e-01
-8.677814321231559491e-01
-4.119899773375346186e-01
-3.605313136380539074e-01
-5.521242245615801680e-01
-2.742597904836201472e-01
-8.137050214151113625e-01
-2.730122802678318639e-01
-6.350268552004114664e-01
-3.605313136380539074e-01
-5.450336539738926955e-01
-5.106783373097876222e-01
-6.633230583790793444e-01
-5.511855107155004818e-01
-4.029102173393225295e-01
-6.826023791148772002e-01
-6.864039793873983886e-01
-3.096911208055196374e-01
-5.228648983024626329e-01
-8.077406612209605541e-01
-2.164272816200318861e-01
-7.536716129442602163e-01
-5.144269212484119391e-01
-5.521242245615801680e-01
-4.471863288125679792e-01
-5.284063589906975444e-01
-7.032050293173154332e-01
-5.228648983024626329e-01
-2.530515290796144789e-01
-5.169250449680988790e-01
-4.969912396185763859e-01
-2.530515290796144789e-01
-4.004117884674115446e-01
-8.791037126794567502e-01
-2.874075028918242070e-01
-6.578590195480461533e-01
-4.117155934999690015e-01
-4.029102173393225295e-01
-7.161103666572556925e-01
-6.369769778479714706e-01
-6.822047380269333772e-01
-4.004117884674115446e-01
-6.762753989419114653e-01
-9.806247400006429249e-01
-5.695082027336207942e-01
-5.726586663806119137e-01
-7.161103666572558035e-01
-8.725914383581732103e-01
-4.097393007861216407e-01
-6.409402420086045549e-01
-6.826023791148773112e-01
-4.471863288125679792e-01
-3.767281446228041286e-01
-6.764074009354800188e-01
-6.762753989419114653e-01
1.163240514282905258e-01
-2.742597904836201472e-01
-5.450336539738925845e-01
-6.393062952452173153e-01
-3.752696740605945269e-01
-8.137050214151113625e-01
-5.284063589906975444e-01
-6.393062952452173153e-01
-4.276038268755205096e-01
-4.365004341243559072e-01
-6.715311039288326400e-01
-4.645758093463039917e-01
-8.077406612209605541e-01
-6.169374558813336407e-01
-6.675523154462730258e-01
-5.241035191302247931e-01
-6.864039793873983886e-01
-6.369769778479714706e-01
-3.767281446228041286e-01
-5.005731295847550832e-01
-6.716749403397241913e-01
-5.169250449680988790e-01
-8.791037126794566392e-01
-8.366654978857436253e-01
-4.883675846579779156e-01
-1.022354536580552420e+00
-7.032050293173154332e-01
-6.764074009354799077e-01
-4.276038268755204541e-01
-6.890179979462011106e-01
-5.835091706645566534e-01
-2.164272816200318583e-01
-4.969912396185763859e-01
-6.169374558813336407e-01
-8.366654978857435143e-01
-7.714494414483890061e-01
-2.073496229997869311e-01
-3.897025542632964745e-01
-8.725914383581734324e-01
-2.823905193890456911e-01
-5.054782452842903062e-01
-7.502120529221083522e-01
-5.199574669402486915e-01
-6.822047380269333772e-01
-4.097393007861216407e-01
-5.005731295847551943e-01
-2.823905193890456911e-01
-5.058024377020801099e-01
-8.662202970782502121e-01
-2.435406653606915217e-01
-2.874075028918241514e-01
-9.806247400006429249e-01
1.163240514282905258e-01
-4.883675846579779156e-01
-1.950144615790632419e-01
-6.675523154462730258e-01
-5.054782452842903062e-01
-5.116572417970441933e-01
-5.072362581296412376e-01
-6.290533368295234684e-01
-3.752696740605945269e-01
-4.365004341243558517e-01
-6.090179894303551222e-01
-3.281666459801849123e-01
-6.715311039288326400e-01
-6.890179979462011106e-01
-6.090179894303551222e-01
-5.007342177609290790e-01
-4.685778835482786731e-01
-5.438236365392240534e-01
-5.241035191302245710e-01
-7.714494414483890061e-01
-5.116572417970441933e-01
-5.832407919869007085e-01
-5.491303683418280457e-01
-5.475421915012934626e-01
-1.022354536580552420e+00
-2.073496229997869311e-01
-1.950144615790632696e-01
-4.945641015918700312e-01
-6.716749403397241913e-01
-5.058024377020802209e-01
-9.191803806402869537e-01
-6.065462248830950642e-01
-2.895238149068048994e-01
-7.502120529221083522e-01
-8.662202970782502121e-01
-6.779192066073289613e-01
-7.542851443446618731e-01
-6.085466914935823146e-01
-5.835091706645565424e-01
-5.007342177609290790e-01
-6.447457092315800331e-01
-6.389254692179151540e-01
-4.326160643323107569e-01
-5.199574669402486915e-01
-5.072362581296412376e-01
-6.779192066073289613e-01
-7.797659805944732181e-01
-3.524118614299915908e-01
-6.874640526078309444e-01
-3.897025542632964745e-01
-5.832407919869007085e-01
-4.945641015918700312e-01
-3.184383393413044439e-01
-2.435406653606914662e-01
-9.191803806402869537e-01
-7.542851443446618731e-01
-5.770633187050309143e-01
-7.271308736287513952e-01
-3.835090558452850518e-01
-6.290533368295236905e-01
-5.491303683418280457e-01
-7.797659805944732181e-01
-6.689753556896189668e-01
-2.116999071843819746e-01
-7.135256520521104928e-01
-4.386756272667949319e-01
-2.333772153163763130e-01
-6.496880126172082104e-01
-4.440376835869405125e-01
-3.908434325997543479e-01
-3.444126844209960958e-01
-6.497951380067319427e-01
-3.785074555916744243e-01
-3.908434325997545145e-01
-3.766731726882253661e-01
-3.416035524642830334e-01
-6.674685969777759409e-01
-4.386756272667950429e-01
-3.444126844209961513e-01
-5.247744214225118498e-01
-4.566244081322318182e-01
-3.766731726882253661e-01
-3.871758809403231250e-01
-3.281666459801849123e-01
-4.685778835482786731e-01
-2.333772153163762852e-01
-8.653714117223996194e-01
-7.984561289069458390e-01
-2.102328110970054231e-01
-6.065462248830949532e-01
-6.447457092315800331e-01
-7.522648807477756439e-01
-5.602021461895854149e-01
-4.236071083480298372e-01
-5.438236365392240534e-01
-6.389254692179151540e-01
-8.653714117223996194e-01
-8.172078100454245320e-01
-8.060696957046900035e-01
-5.475421915012934626e-01
-3.184383393413044439e-01
-6.689753556896189668e-01
-2.077925789421043723e-01
-6.085466914935824256e-01
-3.524118614299915908e-01
-5.770633187050309143e-01
-7.874751799205734759e-01
-6.827176669674115406e-01
-5.075722013096528595e-01
-2.895238149068049549e-01
-7.271308736287513952e-01
-7.522648807477756439e-01
-6.685495468788333895e-01
-6.775321803691218836e-01
-4.264429062435391993e-01
-4.326160643323107013e-01
-5.602021461895854149e-01
-8.172078100454245320e-01
-2.847859763597295757e-01
-7.121430349073518684e-01
-7.551153280802187506e-01
-6.874640526078310554e-01
-2.116999071843819746e-01
-7.874751799205733649e-01
-9.243918830142503484e-01
-4.922642889397764732e-01
-4.972189423990002188e-01
-6.496880126172082104e-01
-7.984561289069459500e-01
-6.788134725068766251e-01
-5.445595447546414114e-01
-1.040482966983658164e+00
-3.416035524642830890e-01
-3.871758809403231250e-01
-6.329152402272527622e-01
-4.199094793497014644e-01
-6.497951380067319427e-01
-5.247744214225118498e-01
-6.912727221040512182e-01
-6.004940499373760954e-01
-8.670148192076176930e-01
-2.298888290957940006e-01
-3.785074555916744243e-01
-6.674685969777759409e-01
-6.329152402272527622e-01
-6.912727221040511072e-01
-3.560654330378171251e-01
-8.105813806051698212e-01
-7.135256520521107149e-01
-2.077925789421043445e-01
-9.243918830142503484e-01
-4.643696832584117695e-01
-2.387906338561323061e-01
-4.440376835869406236e-01
-4.566244081322318182e-01
-6.788134725068766251e-01
-6.004940499373760954e-01
-1.562614568821044103e-01
-4.078768666399897325e-01
-7.124648680797169842e-01
-2.102328110970053676e-01
-8.060696957046900035e-01
-2.847859763597295757e-01
-5.445595447546414114e-01
-5.208124831587674919e-01
-4.379420026910287866e-01
-6.754771759493634065e-01
-3.835090558452849407e-01
-6.827176669674115406e-01
-6.685495468788333895e-01
-5.969202879591508637e-01
-6.761344684751149359e-01
-4.890146382340777587e-01
-4.236071083480297261e-01
-6.775321803691218836e-01
-7.121430349073519794e-01
-4.584054383314510317e-01
-5.627657151698572946e-01
-6.657563604422757075e-01
-5.075722013096528595e-01
-4.922642889397765287e-01
-5.969202879591508637e-01
-6.989423248067174743e-01
-6.214817572543733792e-01
-5.601739933771210378e-01
-7.551153280802187506e-01
-5.208124831587674919e-01
-4.584054383314510317e-01
-6.207570323189186556e-01
-4.891941294616128921e-01
-6.528323839001020090e-01
-1.040482966983658164e+00
-1.562614568821044103e-01
-4.379420026910287866e-01
-8.037861809102510025e-01
-4.977572286182046502e-01
-7.365320386786055051e-01
-4.264429062435391438e-01
-6.761344684751150469e-01
-5.627657151698571836e-01
-6.528532066393980537e-01
-5.671927768789912783e-01
-5.983988650583035307e-01
-4.199094793497014644e-01
-3.560654330378171251e-01
-5.897306431423683382e-01
-4.157420080468501311e-01
-8.670148192076176930e-01
-4.078768666399897880e-01
-7.726841017924346300e-01
-5.610586481820238891e-01
-8.389401017130817539e-01
-1.780008250805819037e-01
-4.972189423990003299e-01
-4.643696832584117695e-01
-6.989423248067174743e-01
-7.355748087209694752e-01
-5.096296736749745815e-01
-5.877248432188157956e-01
-2.298888290957940006e-01
-8.105813806051698212e-01
-5.897306431423684492e-01
-7.726841017924346300e-01
-3.919483996943405879e-01
-7.939147830388488813e-01
-7.124648680797169842e-01
-8.037861809102508914e-01
-5.610586481820238891e-01
-3.794025292297442675e-01
-5.157624797573412412e-01
-5.472821735927435594e-01
-2.387906338561323061e-01
-7.355748087209694752e-01
-5.017258162625126694e-01
-2.722708806080245125e-01
-6.754771759493635175e-01
-6.207570323189186556e-01
-4.977572286182046502e-01
-5.707097911210099461e-01
-4.879620508802062218e-01
-6.657563604422757075e-01
-4.891941294616128921e-01
-6.528532066393979427e-01
-6.072305994523680139e-01
-3.638942425121738378e-01
-7.271192484523358868e-01
-4.890146382340777587e-01
-6.214817572543733792e-01
-5.671927768789912783e-01
-5.746786321565664490e-01
-6.262162962172285186e-01
-5.601739933771210378e-01
-5.096296736749744705e-01
-5.746786321565664490e-01
-5.743208392729913792e-01
-6.824876235296848392e-01
-7.365320386786055051e-01
-3.794025292297442675e-01
-5.707097911210099461e-01
-6.807003977568409914e-01
-5.954223102242450771e-01
-6.528323839001020090e-01
-4.879620508802062773e-01
-6.072305994523680139e-01
-4.637771589559278596e-01
-7.059849051932838293e-01
-4.157420080468500756e-01
-3.919483996943405879e-01
-5.557221193127179770e-01
-4.100836325336639776e-01
-8.389401017130817539e-01
-5.157624797573412412e-01
-8.558559813957937745e-01
-6.448891392421015611e-01
-8.246163940306934226e-01
-5.983988650583035307e-01
-3.638942425121738378e-01
-6.262162962172284075e-01
-7.609859054471327378e-01
-6.417789484101068531e-01
-1.780008250805819037e-01
-7.939147830388488813e-01
-5.557221193127180880e-01
-8.558559813957936635e-01
-3.720180050968174834e-01
-1.301061014697517670e-01
-6.777337102075774444e-01
-5.877248432188157956e-01
-5.017258162625126694e-01
-5.743208392729912681e-01
-6.554168132597486540e-01
-5.375600732972671825e-01
-6.146411798652999803e-01
-2.722708806080245125e-01
-6.554168132597488761e-01
-4.908299826338279326e-01
-3.206914329956848109e-01
-5.472821735927436704e-01
-6.807003977568411024e-01
-6.448891392421015611e-01
-6.214697874905266151e-01
-3.921665490974716173e-01
-6.065749982948512864e-01
-7.271192484523358868e-01
-4.637771589559278596e-01
-7.609859054471327378e-01
-4.509561932713507804e-01
-2.980610023303537082e-01
-8.725151651057709845e-01
-6.824876235296849503e-01
-5.375600732972671825e-01
-5.813925602234265577e-01
-6.476085749912658951e-01
-6.100593355579256860e-01
-4.100836325336639221e-01
-3.720180050968174834e-01
-7.847262204384188866e-01
-2.193259361656058060e-01
-7.059849051932838293e-01
-4.509561932713507804e-01
-5.651619213249701179e-01
-6.170106839961775336e-01
-6.094917955715761781e-01
-5.954223102242451882e-01
-6.214697874905266151e-01
-3.394177514869614054e-01
-4.964214752643383299e-01
-8.879270536763848032e-01
-8.246163940306934226e-01
-1.301061014697517670e-01
-3.921665490974716173e-01
-9.764675889629137462e-01
-9.091578211521462727e-01
-4.794539982800656852e-01
-6.417789484101068531e-01
-2.980610023303537082e-01
-6.293095791158009877e-01
-2.412951894659618179e-01
-7.955765212445364831e-01
-2.516346320384748592e-01
-6.777337102075773334e-01
-7.847262204384188866e-01
-9.764675889629137462e-01
-6.423172154027571024e-01
-6.020203792611031890e-01
-6.146411798652999803e-01
-4.908299826338278771e-01
-5.813925602234264467e-01
-5.602008492762395875e-01
-5.353307817718133688e-01
-8.725151651057709845e-01
-5.651619213249700069e-01
-6.293095791158009877e-01
-6.178028091266014599e-01
-1.021291233249383534e+00
-3.206914329956848109e-01
-5.602008492762396985e-01
-3.003733588701379409e-01
-6.065749982948511754e-01
-3.394177514869614054e-01
-9.091578211521462727e-01
-6.413635538283276594e-01
-2.356649193698921174e-01
-6.170106839961775336e-01
-4.964214752643383299e-01
-3.938890135517774116e-01
-5.284473835984216938e-01
-8.808568225100145144e-01
-6.476085749912657841e-01
-2.412951894659617902e-01
-5.405934945373069844e-01
-8.427773852631152973e-01
-5.312635692414171551e-01
-8.879270536763845811e-01
-6.413635538283276594e-01
-3.938890135517774116e-01
-4.933985639382445498e-01
-8.194602539442352729e-01
-6.100593355579255750e-01
-5.353307817718133688e-01
-5.405934945373069844e-01
-6.001832867632448387e-01
-7.917533892929635719e-01
-2.193259361656058060e-01
-6.423172154027571024e-01
-4.433852261495830893e-01
-4.726942716935403910e-01
-6.094917955715761781e-01
-6.178028091266014599e-01
-5.284473835984216938e-01
-2.669190082924876029e-01
-1.992640976399383534e-01
-7.579719132608311316e-01
-4.794539982800658517e-01
-6.020203792611031890e-01
-2.356649193698920619e-01
-4.433852261495830893e-01
-3.139252977051172344e-01
-7.955765212445364831e-01
-8.427773852631152973e-01
-6.534378286029173255e-01
-5.300277563645230394e-01
-2.516346320384748037e-01
-1.021291233249383534e+00
-2.669190082924876029e-01
-6.534378286029173255e-01
-8.808568225100145144e-01
-4.933985639382445498e-01
-1.992640976399383534e-01
-6.740582209961816229e-01
-9.407643671586731760e-01
-4.559715840538520748e-01
-3.003733588701379964e-01
-5.312635692414171551e-01
-6.001832867632448387e-01
-5.300277563645230394e-01
-2.355105603349252341e-01
-4.725213075612634261e-01
-8.194602539442352729e-01
-6.740582209961816229e-01
-3.066208832313761512e-01
-8.850996916226558930e-01
-4.726942716935403910e-01
-3.139252977051172344e-01
-3.049940027479202120e-01
-7.579719132608311316e-01
-9.407643671586731760e-01
-5.467706445087069378e-01
-7.307373873908518114e-01
-7.917533892929635719e-01
-2.355105603349251231e-01
-4.195130645121321056e-01
-4.559715840538521858e-01
-3.066208832313761512e-01
-5.467706445087069378e-01
-7.272255739348274517e-01
-5.279842319841305809e-01
-3.556827579439583165e-01
-5.065561675108395390e-01
-4.725213075612633706e-01
-2.101140028025589301e-01
-8.850996916226557820e-01
-7.272255739348275627e-01
-6.309643838012447548e-01
-7.851241020466055431e-01
-7.307373873908519224e-01
-5.279842319841306919e-01
-3.301569434897427824e-01
-3.049940027479202120e-01
-6.996972829196863586e-01
-2.536936268555392560e-01
-4.195130645121321056e-01
-3.429423749900468721e-01
-3.807864493657229787e-01
-6.952064192562679157e-01
-3.740860699885364404e-01
-6.996972829196863586e-01
-6.463329377579584145e-01
-5.645222285872262269e-01
-4.642204164856151838e-01
-3.429423749900469831e-01
-6.880385440099492378e-01
-8.429376933906389535e-01
-3.873831992155158943e-01
-6.309643838012446437e-01
-6.463329377579583035e-01
-4.576914747776138492e-01
-6.041892933591113124e-01
-6.658423916520522789e-01
-2.101140028025589301e-01
-3.807864493657229232e-01
-4.466762524502949083e-01
-6.880385440099493488e-01
-4.366324804540121507e-01
-3.717310964575902821e-01
-3.556827579439583720e-01
-7.851241020466056542e-01
-4.576914747776139603e-01
-7.695868784475582425e-01
-4.497243259985705954e-01
-7.311588205773911220e-01
-5.065561675108396500e-01
-3.301569434897428379e-01
-7.695868784475583535e-01
-1.601323042418758835e-01
-2.536936268555392004e-01
-5.645222285872262269e-01
-6.886495444815425859e-01
-2.342986794057045352e-01
-6.952064192562679157e-01
-8.429376933906389535e-01
-7.631394931893673572e-01
-6.989073858417809149e-01
-6.449159207035943808e-01
-3.740860699885364959e-01
-4.466762524502949638e-01
-7.631394931893673572e-01
-2.098698725527290698e-01
-4.642204164856152393e-01
-6.041892933591113124e-01
-6.886495444815425859e-01
-5.873132068214916846e-01
-5.881950951753536216e-01
-5.447606457187853524e-01
-6.658423916520523900e-01
-4.497243259985705954e-01
-5.873132068214916846e-01
-6.484994312899958757e-01
-5.092055900380937361e-01
-6.223847314415821286e-01
-3.873831992155159498e-01
-4.366324804540121507e-01
-6.989073858417809149e-01
-5.797804459997115689e-01
-4.702775390386416121e-01
-6.194643085945005234e-01
-2.465568876758024719e-01
-7.311588205773912330e-01
-1.601323042418758558e-01
-6.484994312899958757e-01
-2.224306651915127775e-01
-3.717310964575901711e-01
-5.797804459997115689e-01
-6.115062671333857391e-01
-1.860236174104575868e-01
-6.449159207035943808e-01
-2.098698725527290698e-01
-4.702775390386416121e-01
-4.438172505734343520e-01
-2.342986794057045352e-01
-5.881950951753536216e-01
-6.532620632504135827e-01
-2.621707536224551216e-01
-5.447606457187854634e-01
-5.092055900380937361e-01
-6.532620632504135827e-01
-6.607888720775818570e-01
-5.291130521649228813e-01
-5.769112880632828455e-01
-6.223847314415822396e-01
-2.224306651915127775e-01
-6.607888720775818570e-01
-2.366393607562482515e-01
-6.194643085945004124e-01
-6.115062671333857391e-01
-8.923463614343296602e-01
-1.063374571822750747e+00
-5.421137779792656319e-01
-1.860236174104575035e-01
-8.923463614343296602e-01
-3.068937480645713700e-01
-4.527853331576243701e-01
-2.465568876758024719e-01
-4.438172505734344075e-01
-1.063374571822750969e+00
-1.571366517651093253e-01
-2.621707536224551216e-01
-5.291130521649229923e-01
-6.761558511758138934e-01
-2.709811841457023807e-01
-5.769112880632827345e-01
-2.366393607562482793e-01
-6.761558511758138934e-01
-2.504322525290790802e-01
-5.421137779792656319e-01
-3.068937480645714255e-01
-1.571366517651093253e-01
-5.045069733491818198e-01
-1.642293098974734189e-01
-4.527853331576244256e-01
-5.045069733491818198e-01
-1.430327563060845630e+00
2.206899087863878894e-01
-2.709811841457023252e-01
-2.504322525290790802e-01
-1.642293098974734189e-01
-1.430327563060845630e+00
-6.772074503796505773e-01
2.206899087863878894e-01
-6.772074503796504663e-01
