1.992342058017234838e-02
4.194391342853527604e-02
1.940385966688738112e-02
4.240299465473833240e-02
2.669273066260770613e-02
2.107387238457031700e-02
1.884358939433770919e-02
4.164784075998337332e-02
2.012692415206480609e-02
4.097155109157392394e-02
3.991063652143062718e-02
1.956835047025318880e-02
3.127977107781736849e-02
4.068700619397155882e-02
5.722624108503508202e-03
4.019303200809239141e-02
3.924107123381240930e-02
2.017053076846557838e-02
4.000767610373555383e-02
4.171022547005075881e-02
4.046118306979466783e-02
4.695291940873154435e-02
3.208099197718216472e-02
4.049204433789354435e-02
3.892923636761171091e-02
3.992714035026734970e-02
4.087954201710143620e-02
3.975698585614188124e-02
2.143226140072017338e-02
4.081017588707985116e-02
1.865435548507527255e-02
3.138100218937382724e-02
4.874476484364505258e-02
4.063509915000788897e-02
4.117541828448224861e-02
4.088744301128571096e-02
4.026849115630386916e-02
4.108616972295787984e-02
4.763074176611628574e-02
1.952997442657443058e-02
2.083661278477886430e-02
4.084038876454703509e-02
4.098929822821942986e-02
4.003017818103111330e-02
4.063792202601057557e-02
3.200292757480688310e-02
4.142981570998399699e-02
4.042144531487323195e-02
2.006528833568947331e-02
3.912862860145599475e-02
2.058944830117040437e-02
4.694496008727551406e-02
4.065467211792606061e-02
3.922900508999501573e-02
4.051461480175561763e-02
3.958134557699199974e-02
1.875965990157316826e-02
3.070525939395772619e-02
4.123008807883951632e-02
3.146722418120861259e-02
3.995717403562466796e-02
4.050115927154508688e-02
3.433659787851845585e-02
2.039693556165791608e-02
4.710847388460695506e-02
1.935690423342452393e-02
3.947523922203675928e-02
2.156525994234215551e-02
4.060095546694192370e-02
2.007154335516785765e-02
1.884923735921320218e-02
3.974202697162806941e-02
1.185831308850915020e-02
4.149277341082061726e-02
3.993459881680270357e-02
5.691175159124837145e-03
2.057297127870354875e-02
4.010424876634918756e-02
4.214287732217293636e-02
4.032718003311294708e-02
3.152263655633977257e-02
3.964250125987776180e-02
4.947406474826475387e-02
4.000662292274429627e-02
4.720293180121076793e-02
2.480359958329659761e-02
4.113460158103527525e-02
1.963188507823767845e-02
3.869433219720925382e-02
4.189110173414527238e-02
2.000708441737428581e-02
4.061952670439301222e-02
3.124060817915782357e-02
3.918095633513171000e-02
3.937288947670166545e-02
2.218309246435592325e-02
3.882503072138479561e-02
3.923463108257969900e-02
1.958007742968503190e-02
1.966318242299719063e-02
1.930295110049651264e-02
2.075022867319228914e-02
6.021562944780793798e-03
3.159647665583809051e-02
4.041807721726262126e-02
3.098500554922977226e-02
2.012894517273278172e-02
3.889400558931710439e-02
3.969571678721002528e-02
3.939972929310748412e-02
3.881394342314858914e-02
3.200223823564644909e-02
1.933951251703521987e-02
4.058054031789361943e-02
4.014153296613490879e-02
2.592604148119951810e-02
4.796394112238018537e-02
4.636191663720268946e-02
4.013973914751019223e-02
3.984640009178516684e-02
4.012350363670455500e-02
4.082137773770230793e-02
3.925294775197768482e-02
4.055093587571869523e-02
1.986864454726089066e-02
3.959496015984778627e-02
4.060545896853162695e-02
4.044279852770735206e-02
4.046436882101169669e-02
2.078824381354199557e-02
4.083094317456720246e-02
4.054108216833685052e-02
4.097026173441292718e-02
4.138939918484454278e-02
3.963307021004042197e-02
4.078560904775110907e-02
2.032895880106156891e-02
3.193913481489848993e-02
4.137663355755717004e-02
4.567963189067383856e-02
4.164291782770104811e-02
2.134064169479460427e-02
3.978967036787764422e-02
4.016925761890630109e-02
4.180779637551391981e-02
1.911560896119545577e-02
4.030352734127511105e-02
4.008218556489741985e-02
3.811775683563452949e-02
4.789004393544561700e-02
3.142921282786916015e-02
4.275013845917260968e-02
3.232124115275616244e-02
2.135859288917437218e-02
4.000000496601148481e-02
4.111164661808273252e-02
4.164067600996269880e-02
3.899075745680290195e-02
4.323306169334699411e-02
2.007227798844184868e-02
4.685406299247542317e-02
4.745340339976850119e-02
3.365519701443143302e-02
3.364131737631552432e-02
3.972853398867937091e-02
2.186222853354038986e-02
4.932933012194014311e-02
3.917033942011349107e-02
2.059041069928573345e-02
3.115500500234080067e-02
4.194184331282264921e-02
4.621187337260764666e-02
2.063393713376689489e-02
3.057808413732752278e-02
1.968368595843137184e-02
1.981682680234331945e-02
4.936717917046264115e-02
3.949771132692168202e-02
4.245206441470079917e-02
3.860609701929567511e-02
2.082595797731136636e-02
2.200975575164810724e-02
3.853163354600121215e-02
2.025593314019667746e-02
1.956889567253305637e-02
3.296846147656116999e-02
2.061786372996712510e-02
3.909217597965253255e-02
3.916141425626044198e-02
4.912546487638640158e-02
1.909598922332034557e-02
2.016858085033944661e-02
2.091854987575380784e-02
1.960975658914416650e-02
3.954944134710938752e-02
1.968032638833698555e-02
3.242396069941065606e-02
2.019635724702823626e-02
2.032600339488557784e-02
2.003310180096460127e-02
2.002294656476426987e-02
2.649999727504502231e-02
1.851696421983987928e-02
6.804732601875030686e-03
1.134626127862144174e-02
5.190400773041889577e-03
