2.850857600900448263e-01
2.792631845471996166e-01
2.855503054966413434e-01
2.854928152959404497e-01
2.724612154809820663e-01
2.856960181335935767e-01
2.814617764325045846e-01
2.753067075524543994e-01
2.814576742038902846e-01
2.929465287946059759e-01
2.672229279112418587e-01
2.774375080854135645e-01
2.805993473407060734e-01
2.822881024087616209e-01
2.686376619136513488e-01
2.831503805523886141e-01
2.819015645470623888e-01
2.647483423026038007e-01
2.913378491333928344e-01
2.693098693900064511e-01
2.794126354798698308e-01
2.762726232492184186e-01
2.816905813601239816e-01
2.847955031312224827e-01
2.859403278770223933e-01
2.789399859935353110e-01
2.850546692493516332e-01
2.731085194281364648e-01
2.785301989663995226e-01
2.819992303535913125e-01
2.675509429848535459e-01
2.804024194754530797e-01
2.827008251474967260e-01
2.812738295644400255e-01
2.868454294693452700e-01
2.858440799198925797e-01
2.833992999048401962e-01
2.872657106548241468e-01
2.816354440770615919e-01
2.828576256969889124e-01
2.848489396475032964e-01
2.726447917207659444e-01
2.866771384666663702e-01
2.950157015584279896e-01
2.697365913625223710e-01
2.829426540565317394e-01
2.793287582757316700e-01
2.833298126402402639e-01
2.867475397563071238e-01
2.841436881504811884e-01
2.738410094446414034e-01
2.689557346457321363e-01
2.797929525597622757e-01
2.855845667559337997e-01
2.930432798961983831e-01
2.871582313749411752e-01
2.877123412507002764e-01
2.805135784655481412e-01
2.790578309053229900e-01
2.884685865049898545e-01
2.875591089744201079e-01
2.729715314255173331e-01
2.839484554052009169e-01
2.685610124536393362e-01
2.848176349709935495e-01
2.859791710118865238e-01
2.915639395643943033e-01
2.872673901842017208e-01
2.837359228410985534e-01
2.846619263376846121e-01
2.842647632351361087e-01
2.895185450307556363e-01
2.869113988637514989e-01
2.867913310131492977e-01
2.836246369345273854e-01
2.739834296203506048e-01
2.874759536895641898e-01
2.822863112980673606e-01
2.873835851336912217e-01
2.833295027278831535e-01
2.873578919131153930e-01
2.871594090838288649e-01
2.846639148315663892e-01
2.840319291650058031e-01
2.831363845143219371e-01
2.799821851054714594e-01
2.866319132636803158e-01
2.871659565812525461e-01
2.830260984637166799e-01
2.811440548244660276e-01
2.847514139716674775e-01
2.797926370701558918e-01
2.874861643910592846e-01
2.734939003117262124e-01
2.847897634699166347e-01
2.826701182829520209e-01
2.876722820990341156e-01
2.838285987643132668e-01
2.827213270568454950e-01
2.870988702679336257e-01
2.864357172700973120e-01
2.701669247247650008e-01
2.872018669407765956e-01
2.814032313761806181e-01
2.830754681285304608e-01
2.746645752899656845e-01
2.874279650548546838e-01
2.807992403100221801e-01
2.829452471469997010e-01
2.858493213972209124e-01
2.867689473126011079e-01
2.870688570851834820e-01
2.877339161119705224e-01
2.872699410123538133e-01
2.812419284103847561e-01
2.855042039485824468e-01
2.872284491770624726e-01
2.857829909636559473e-01
2.835943885795228492e-01
2.737958293817957522e-01
2.824921397011473934e-01
2.868187091720240112e-01
2.859511115069033882e-01
2.865491810356577407e-01
2.874958181658625600e-01
2.887443802875095944e-01
2.860351842365768116e-01
2.849383530085655147e-01
2.875139710672082183e-01
2.771724851277024282e-01
2.790971226354637125e-01
2.864578480691268858e-01
2.873210322011216511e-01
2.928632944037508623e-01
2.835371703057060211e-01
2.848981317818662373e-01
2.727681018957965886e-01
2.813444456810869632e-01
2.864710046502979002e-01
2.866336607147266791e-01
2.849803180877418796e-01
2.860572918313407098e-01
2.843665734420696145e-01
2.874814765467645361e-01
2.826093235226136424e-01
2.864258757198986927e-01
2.768050800179214233e-01
2.834532801200145280e-01
2.871630293477339113e-01
2.804852879099449248e-01
2.859180477548751709e-01
2.871709154944678266e-01
2.793623495986659599e-01
2.720715785613440629e-01
2.843644300685773119e-01
2.873014826847710701e-01
2.834758822067629525e-01
2.864902309686540027e-01
2.841174668946340187e-01
2.870860673583117140e-01
2.790756237690459884e-01
2.842852444588421235e-01
2.864702785309585220e-01
2.875891339956292425e-01
2.794626852048820442e-01
2.712736518747109193e-01
2.873263927448191368e-01
2.836443491138104234e-01
2.732166981687284002e-01
2.897947408612107645e-01
2.869830244872214053e-01
2.821475705330739325e-01
2.927254479393327502e-01
2.714934760880030606e-01
2.869589283625573195e-01
2.863256864265208423e-01
2.878579700590886969e-01
2.937607056157749974e-01
2.868182734772559694e-01
2.783769425051211277e-01
2.875557891183121995e-01
2.678531822296247311e-01
2.861033594076512476e-01
2.870651439413383632e-01
2.873149650408279299e-01
2.870722873186745683e-01
2.803715767742492870e-01
2.841351679201410407e-01
2.728890109362836491e-01
2.876807932924978495e-01
2.858285933354312025e-01
2.837539097178001790e-01
2.784290215036387961e-01
2.813787045769643447e-01
2.880004591299407113e-01
2.880950339542608929e-01
2.871737977012662757e-01
2.844965729275933941e-01
2.870809552087641991e-01
2.881043528468226200e-01
2.907328956863831637e-01
2.689160022321881449e-01
2.835076744062862142e-01
2.873658563479946082e-01
2.709763937768358555e-01
2.884085590027475332e-01
2.880295090358969134e-01
2.755853803767704946e-01
2.842041412570691095e-01
2.878776421159149890e-01
2.869054990897789148e-01
2.918169639034118301e-01
2.727186641000575174e-01
2.883988129193877925e-01
2.885235407882743019e-01
2.841287303260520147e-01
2.846775963773418017e-01
2.876276254847947578e-01
2.714796675116404878e-01
2.866317458565888487e-01
2.880197048091937551e-01
2.884059426670996240e-01
2.725066629632043047e-01
2.884882800001996594e-01
2.794767730853532361e-01
2.881750346676420493e-01
2.864129169723496071e-01
2.956187643032993084e-01
2.832133126643970877e-01
2.867360465333452235e-01
2.801647151876768271e-01
2.884254646184215010e-01
2.879678509257371233e-01
2.884043232837932291e-01
2.868439544469255642e-01
2.873428964664270779e-01
2.801744670495532330e-01
2.864143937561151598e-01
2.846445799969967161e-01
2.876656223476140584e-01
2.882543265553215162e-01
2.878094800492441152e-01
2.696336374100171129e-01
2.879379014449892082e-01
2.658768542700859494e-01
2.756368640943512305e-01
2.749989136783836940e-01
2.783531390195825295e-01
2.871275809613551555e-01
2.933934273336016307e-01
2.846280010740754318e-01
2.879490885598937622e-01
2.856865765118848377e-01
2.876638821209954178e-01
2.872189044905308908e-01
2.862176030054477960e-01
2.821539725960210410e-01
2.800002195173225128e-01
2.870969198113608178e-01
2.879571287915347888e-01
2.870144210335157653e-01
2.869226764582264444e-01
2.864172799885262855e-01
2.827092716637728542e-01
2.808079810361863160e-01
2.706629586177008995e-01
2.862189908390448401e-01
2.859875450083412818e-01
2.824334348498726555e-01
2.754683468511245903e-01
2.870526563323608227e-01
2.872338543401803390e-01
2.733195327588764934e-01
2.817535506419407421e-01
2.823699820620640955e-01
2.854222455649967904e-01
2.862005966112347033e-01
2.703591116181969234e-01
2.835862400247190496e-01
2.728739899816163827e-01
2.863540255047686278e-01
2.816554233843131527e-01
2.879124495298821529e-01
2.747393702033588681e-01
2.719903670233200788e-01
2.812049955343658980e-01
2.882019783266447366e-01
2.800105892033420418e-01
2.869454688416701038e-01
2.858882161141780842e-01
2.853657300779524619e-01
2.829841140697169077e-01
2.795598991642915254e-01
2.756443461029667863e-01
2.844596985589834537e-01
2.839672439372068480e-01
2.794974176295739743e-01
2.899510844745560867e-01
2.860833239455351507e-01
2.873226579286152216e-01
2.856097246220314356e-01
2.864426729351695622e-01
2.759481144439536182e-01
2.776761444216466757e-01
2.876762252635564621e-01
2.767946923532453307e-01
2.845277389248379585e-01
2.776687999567596377e-01
2.722096825251157926e-01
2.749113558337857310e-01
2.792965979484238193e-01
2.732852887081152482e-01
2.702531544791723084e-01
2.865282383646324260e-01
2.854927661238541581e-01
2.935999549445206247e-01
2.860668249132449215e-01
2.744824158485733023e-01
2.819352124227076928e-01
2.733831414029246343e-01
2.862921742504103695e-01
2.843121655369875156e-01
2.827291984136890424e-01
2.855950119789207875e-01
2.858581024939009785e-01
2.821487871391953339e-01
2.814132405414306315e-01
2.824512962005596983e-01
2.841845705139958711e-01
2.784129729221351268e-01
2.820040476441506017e-01
2.689264615847622442e-01
2.933371372502600605e-01
2.861328772477815807e-01
2.845108736162615393e-01
2.841647733990775859e-01
2.692170525359997013e-01
2.749478284211149259e-01
2.925710566503316734e-01
2.826813631902436730e-01
2.812156717229871705e-01
2.835739370680084304e-01
2.803768539648449631e-01
2.750469152488722036e-01
2.712642508491993065e-01
2.879817242791042342e-01
2.856206667364699636e-01
2.701193640587906675e-01
2.766275149234628250e-01
2.814923846289350551e-01
2.717897788476670851e-01
2.846400470865488308e-01
2.713947752505349587e-01
2.746911126265830783e-01
2.751477438617979110e-01
2.861201465339313077e-01
2.859025192428362172e-01
2.770491262453125825e-01
2.867380603363371416e-01
2.857126912489526549e-01
2.725374068343195399e-01
2.784109798947059788e-01
2.760876004305528042e-01
2.835815829322794190e-01
2.840560242414544301e-01
2.702896828359865888e-01
2.852660552003639105e-01
2.871073190950069742e-01
2.889183992319298011e-01
2.843262313882414793e-01
2.841363008247562716e-01
2.837392200611139614e-01
2.708006246195412969e-01
2.903987110646419900e-01
2.735928183976459871e-01
2.824949625751990712e-01
2.865798332931776549e-01
2.804504991042739426e-01
2.822176793918499405e-01
2.711262852264424983e-01
2.789122704556424859e-01
2.785332954145292028e-01
2.739555477249451809e-01
2.780147126285383297e-01
2.849729671309515489e-01
2.844421877677448807e-01
2.843061616635981781e-01
2.774829314105113354e-01
2.870225082322193644e-01
2.837923477137304085e-01
2.936599139523454749e-01
2.809139260345172584e-01
2.842243955026144686e-01
2.653212792623043659e-01
