0
4
8
12
16
20
24
29
32
36
41
43
47
53
59
64
71
77
82
89
94
100
106
112
117
123
129
135
141
148
152
157
163
169
175
181
187
193
199
205
211
217
223
229
236
241
247
253
259
263
269
274
279
285
289
296
302
308
314
320
327
333
338
344
350
356
362
369
375
381
387
393
400
406
412
418
423
429
435
441
447
453
457
463
469
475
479
485
491
497
503
509
515
521
526
532
538
544
550
556
562
568
573
579
585
591
596
602
608
614
621
627
633
639
645
651
657
663
669
675
680
686
692
696
702
708
715
721
727
733
739
745
751
757
762
768
774
779
785
791
797
803
809
815
821
827
833
839
845
851
858
864
870
876
881
887
893
899
905
911
917
923
929
935
941
947
952
958
962
967
974
980
986
993
999
1003
1009
1015
1022
1028
1034
1040
1045
1052
1058
1064
1070
1076
1082
1087
1093
1099
1105
1111
1117
1123
1129
1135
1141
1147
1153
1160
1166
1172
1178
1183
1189
1195
1201
1207
1213
1219
1224
1230
1236
1242
1248
1254
1258
1263
1269
1275
1281
1286
1292
1298
1304
1310
1317
1323
1329
1335
1341
1347
1353
1359
1365
1371
1377
1383
1389
1395
1401
1406
1412
1417
1423
1430
1436
1442
1449
1455
1461
1467
1473
1479
1485
1491
1495
1501
1507
1511
1517
1523
1529
1536
1541
1547
1553
1559
1565
1571
1577
1582
1588
1594
1600
1606
1611
1617
1622
1628
1635
1641
1646
1651
1658
1664
1671
1677
1683
1689
1695
1701
1707
1713
1720
1726
1733
1739
1743
1747
1753
1759
1765
1771
1777
1783
1789
1794
1800
1806
1811
1817
1823
1829
1836
1842
1848
1855
1860
1866
1872
1878
1884
1890
1896
1902
1908
1914
1920
1926
1931
1938
1942
1948
1954
1959
1965
1970
1976
1982
1988
1994
2000
2005
2012
2018
2023
2029
2035
2041
2048
2053
2059
2065
2071
2077
2083
2090
2096
2101
2107
2113
2117
2121
2126
2132
2139
2146
2152
2158
2164
2169
2176
2182
2188
2194
2200
2206
2211
2217
2220
2225
2228
2232
2236
2240
2244
2248
2252
2257
2261
2265
2268
