2
3
12
13
3
9
14
15
0
5
13
16
0
1
12
15
5
6
17
18
2
4
16
18
4
7
17
19
27
6
19
29
9
11
20
21
1
8
14
20
22
11
23
8
10
21
23
0
3
13
15
24
25
0
2
12
16
24
26
1
9
15
22
28
1
3
12
14
25
28
30
2
5
13
18
26
31
4
6
18
27
32
4
5
16
17
31
32
33
6
7
27
29
43
8
9
21
22
34
35
8
11
20
23
35
42
9
14
20
28
34
36
10
11
21
42
48
12
13
25
26
37
38
12
15
24
30
38
39
13
16
24
31
37
40
6
17
19
32
43
45
14
15
22
30
36
41
44
7
19
43
53
15
25
28
39
41
16
18
26
33
40
46
17
18
27
33
45
47
18
31
32
46
47
50
20
22
35
36
55
56
20
21
34
42
56
60
22
28
34
44
55
57
24
26
38
40
49
52
24
25
37
39
49
54
25
30
38
41
51
54
26
31
37
46
52
58
28
30
39
44
51
59
21
23
35
48
60
67
19
27
29
45
53
62
69
28
36
41
57
59
27
32
43
47
62
65
31
33
40
50
58
66
32
33
45
50
65
68
23
42
67
81
37
38
52
54
61
64
33
46
47
66
68
39
41
54
59
63
37
40
49
58
61
71
29
43
69
85
38
39
49
51
63
64
70
34
36
56
57
73
76
34
35
55
60
76
78
36
44
55
59
72
73
40
46
52
66
71
75
41
44
51
57
63
72
74
35
42
56
67
78
87
49
52
64
71
77
43
45
65
69
90
95
51
54
59
70
74
79
49
54
61
70
77
80
45
47
62
68
86
90
46
50
58
68
75
82
83
42
48
60
81
87
100
47
50
65
66
82
86
43
53
62
85
95
101
54
63
64
79
80
84
52
58
61
75
77
88
89
57
59
73
74
91
92
55
57
72
76
92
96
59
63
72
79
91
93
58
66
71
83
89
55
56
73
78
96
99
61
64
71
80
88
94
56
60
76
87
99
111
63
70
74
84
93
98
64
70
77
84
94
97
48
67
100
122
66
68
83
86
106
110
66
75
82
89
102
106
70
79
80
97
98
104
53
69
101
133
65
68
82
90
110
113
60
67
78
100
111
121
71
77
89
94
103
107
71
75
83
88
102
107
62
65
86
95
113
117
72
74
92
93
108
109
72
73
91
96
108
112
74
79
91
98
109
77
80
88
97
103
105
62
69
90
101
117
129
73
76
92
99
112
116
80
84
94
104
105
114
79
84
93
104
109
115
76
78
96
111
116
126
67
81
87
121
122
142
69
85
95
129
133
83
89
106
107
120
124
88
94
105
107
118
125
84
97
98
114
115
123
94
97
103
114
118
82
83
102
110
124
128
88
89
102
103
120
125
91
92
109
112
119
127
91
93
98
108
115
119
130
82
86
106
113
128
132
78
87
99
121
126
138
92
96
108
116
127
134
86
90
110
117
132
139
97
104
105
118
123
131
98
104
109
123
130
135
96
99
112
126
134
144
90
95
113
129
139
150
103
105
114
125
131
137
108
109
127
130
140
102
107
124
125
136
141
87
100
111
138
142
154
81
100
142
167
104
114
115
131
135
143
102
106
120
128
141
145
103
107
118
120
136
137
146
99
111
116
138
144
156
108
112
119
134
140
149
106
110
124
132
145
151
95
101
117
133
150
161
109
115
119
135
140
147
114
118
123
137
143
148
110
113
128
139
151
158
85
101
129
161
174
112
116
127
144
149
153
115
123
130
143
147
152
120
125
141
146
155
118
125
131
146
148
157
111
121
126
154
156
170
113
117
132
150
158
171
119
127
130
147
149
160
120
124
136
145
155
162
100
121
122
154
167
179
123
131
135
148
152
159
116
126
134
153
156
172
124
128
141
151
162
164
125
136
137
155
157
163
130
135
140
152
160
169
131
137
143
157
159
166
127
134
140
153
160
165
173
117
129
139
161
171
183
128
132
145
158
164
177
135
143
147
159
168
169
134
144
149
172
173
121
138
142
170
179
187
136
141
146
162
163
175
126
138
144
170
172
184
137
146
148
163
166
176
132
139
151
171
177
181
143
148
152
166
168
178
140
147
149
165
169
180
129
133
150
174
183
196
141
145
155
164
175
182
146
155
157
175
176
185
145
151
162
177
182
188
149
160
173
180
190
148
157
159
176
178
189
122
142
179
211
152
159
169
178
186
147
152
160
168
180
186
191
138
154
156
184
187
198
139
150
158
181
183
200
144
153
156
173
184
192
197
149
153
165
172
190
192
133
161
196
217
155
162
163
182
185
193
157
163
166
185
189
195
151
158
164
181
188
201
202
159
166
168
186
189
194
142
154
167
187
211
212
160
165
169
190
191
199
158
171
177
200
201
162
164
175
188
193
204
207
150
161
171
196
200
219
156
170
172
197
198
210
163
175
176
193
195
206
168
169
178
191
194
203
154
170
179
198
212
218
164
177
182
202
207
166
176
178
194
195
205
165
173
180
192
199
208
169
180
186
199
203
209
172
173
190
197
208
215
175
182
185
204
206
216
178
186
189
203
205
213
176
185
189
205
206
214
161
174
183
217
219
235
172
184
192
210
215
226
170
184
187
210
218
230
180
190
191
208
209
220
171
181
183
201
219
222
236
177
181
200
202
222
228
177
188
201
207
224
228
186
191
194
209
213
221
182
193
207
216
227
189
194
195
213
214
223
185
193
195
214
216
225
182
188
202
204
224
227
190
192
199
215
220
229
191
199
203
220
221
231
184
197
198
226
230
238
167
179
212
244
257
179
187
211
218
244
246
194
203
205
221
223
232
195
205
206
223
225
233
192
197
208
226
229
237
193
204
206
225
227
234
174
196
235
260
187
198
212
230
246
183
196
200
235
236
255
199
208
209
229
231
239
203
209
213
231
232
240
200
201
228
236
249
205
213
214
232
233
241
202
207
227
228
242
247
206
214
216
233
234
243
197
210
215
237
238
250
204
207
216
224
234
242
245
201
202
222
224
247
249
208
215
220
237
239
252
198
210
218
238
246
256
209
220
221
239
240
251
213
221
223
240
241
248
214
223
225
241
243
253
216
225
227
243
245
254
196
217
219
255
260
275
200
219
222
249
255
267
215
226
229
250
252
263
210
226
230
250
256
268
220
229
231
251
252
261
221
231
232
248
251
259
223
232
233
248
253
258
224
227
245
247
264
225
233
234
253
254
262
211
212
246
257
281
227
234
242
254
264
265
212
218
230
244
256
277
281
224
228
242
249
264
269
232
240
241
258
259
266
222
228
236
247
267
269
279
226
237
238
263
268
272
231
239
240
259
261
271
229
237
239
261
263
274
233
241
243
258
262
270
234
243
245
262
265
273
219
235
236
267
275
288
230
238
246
268
277
289
211
244
281
299
241
248
253
266
270
276
240
248
251
266
271
278
217
235
275
300
239
251
252
271
274
282
243
253
254
270
273
280
237
250
252
272
274
287
242
245
247
265
269
284
285
245
254
264
273
285
248
258
259
276
278
283
236
249
255
279
288
296
238
250
256
272
289
293
247
249
264
279
284
297
253
258
262
276
280
286
251
259
261
278
282
290
250
263
268
287
293
254
262
265
280
285
291
252
261
263
282
287
294
235
255
260
288
300
309
258
266
270
283
286
292
246
256
281
289
305
259
266
271
283
290
295
249
267
269
296
297
262
270
273
286
291
298
244
246
257
277
299
305
316
261
271
274
290
294
301
266
276
278
292
295
264
269
285
297
303
264
265
273
284
291
302
303
270
276
280
292
298
304
263
272
274
293
294
308
312
255
267
275
296
309
318
256
268
277
293
305
315
271
278
282
295
301
306
273
280
285
298
302
310
276
283
286
295
304
307
268
272
287
289
312
315
274
282
287
301
308
314
278
283
290
292
306
307
311
267
279
288
297
317
318
269
279
284
296
303
317
322
280
286
291
304
310
313
257
281
316
333
260
275
309
338
282
290
294
306
314
321
285
291
303
310
319
325
284
285
297
302
322
325
286
292
298
307
313
320
277
281
289
315
316
328
290
295
301
311
321
324
292
295
304
311
320
323
287
294
312
314
326
275
288
300
318
331
338
291
298
302
313
319
327
295
306
307
323
324
287
293
308
315
326
330
298
304
310
320
327
329
294
301
308
321
326
332
289
293
305
312
328
330
341
281
299
305
328
333
346
296
297
318
322
336
340
288
296
309
317
331
336
348
302
310
325
327
339
304
307
313
323
329
334
301
306
314
324
332
335
297
303
317
325
340
342
307
311
320
324
334
337
306
311
321
323
335
337
302
303
319
322
339
342
308
312
314
330
332
343
310
313
319
329
339
345
305
315
316
341
346
355
313
320
327
334
344
345
312
315
326
341
343
353
309
318
338
348
354
314
321
326
335
343
349
352
299
316
346
363
320
323
329
337
344
351
321
324
332
337
347
349
317
318
340
348
356
323
324
334
335
347
351
300
309
331
354
364
319
325
327
342
345
350
317
322
336
342
356
358
315
328
330
353
355
360
322
325
339
340
350
358
326
330
332
352
353
362
329
334
345
351
357
327
329
339
344
350
357
359
316
328
333
355
363
369
335
337
349
351
361
318
331
336
354
356
368
332
335
347
352
361
367
339
342
345
358
359
365
334
337
344
347
357
361
366
332
343
349
362
367
330
341
343
360
362
373
331
338
348
364
368
372
328
341
346
360
369
375
336
340
348
358
368
371
344
345
351
359
366
370
340
342
350
356
365
371
377
345
350
357
365
370
376
341
353
355
373
375
347
349
351
366
367
374
343
352
353
367
373
378
333
346
369
381
338
354
372
383
350
358
359
376
377
351
357
361
370
374
380
349
352
361
362
374
378
379
348
354
356
371
372
384
387
346
355
363
375
381
385
357
359
366
376
380
382
356
358
368
377
384
389
354
364
368
383
387
353
360
362
375
378
386
388
361
366
367
379
380
390
355
360
369
373
385
386
359
365
370
377
382
391
358
365
371
376
389
391
362
367
373
379
388
392
367
374
378
390
392
366
370
374
382
390
393
363
369
385
370
376
380
391
393
364
372
387
368
371
387
389
369
375
381
386
373
375
385
388
368
372
383
384
373
378
386
392
371
377
384
391
374
379
380
392
393
376
377
382
389
378
379
388
390
380
382
390
