-4.367339278749564069e-01
-4.369261948863887857e-01
-7.192096571749133638e-01
-6.907444474534170098e-01
-4.886867289342381460e-01
-3.890695459045304117e-01
-9.645090748924406432e-01
-4.166264586954271931e-01
-4.367339278749563514e-01
-4.694431486653504182e-01
-6.761523367315691591e-01
-7.168305948367335034e-01
-4.369261948863888412e-01
-4.886867289342381460e-01
-6.599935597434675172e-01
-7.617973229033426774e-01
-5.432051482512862961e-01
-2.901386190216735383e-01
-1.103784075201572623e+00
-3.670314833437560154e-01
-4.694431486653503072e-01
-5.432051482512864071e-01
-6.278336292603228230e-01
-7.495390279448520543e-01
-2.901386190216735939e-01
-3.048849842764717599e-01
-6.006368138046241922e-01
-8.553393943060401128e-01
-1.832061945247802637e-01
-3.048849842764717044e-01
-6.289805087706720199e-01
-4.530075577106940088e-01
-6.040769054516823555e-01
-6.187402070980951851e-01
-9.177803505150090579e-01
-2.931884487423973562e-01
-3.890695459045304672e-01
-6.040769054516823555e-01
-5.133922986635066632e-01
-3.128992926441271361e-01
-5.730622995775418449e-01
-7.198225732710927804e-01
-8.453364572016125456e-01
-6.187402070980951851e-01
-7.198225732710925584e-01
-1.003021297145359814e+00
-2.875793981275900357e-01
-7.192096571749133638e-01
-6.599935597434675172e-01
-3.793951520444333037e-01
-3.942348703761885398e-01
-5.263243740484963018e-01
-8.846425503591102135e-01
-6.907444474534170098e-01
-6.761523367315691591e-01
-3.793951520444332481e-01
-3.570470261932350287e-01
-6.972608912806823600e-01
-7.418802985489533208e-01
-9.645090748924407542e-01
-5.133922986635066632e-01
-5.650224748458569923e-01
-7.591755506040962498e-01
-9.203868409221096503e-01
-4.166264586954271931e-01
-7.617973229033427884e-01
-3.942348703761885953e-01
-5.650224748458569923e-01
-3.125402179286290716e-01
-1.947846628720555640e-01
-8.866862261983290416e-01
-7.168305948367335034e-01
-6.278336292603228230e-01
-3.570470261932350842e-01
-4.293563227312359176e-01
-5.725288353250692630e-01
-8.437411227760940324e-01
-1.103784075201572623e+00
-6.006368138046240812e-01
-4.314017373534309030e-01
-8.698145604329132752e-01
-7.715347165427911547e-01
-3.670314833437560154e-01
-7.495390279448520543e-01
-4.293563227312359176e-01
-4.314017373534310140e-01
-3.697284440805479466e-01
-4.729410995544613971e-01
-6.124429597596459107e-01
-8.553393943060402238e-01
-6.289805087706720199e-01
-9.049169488681412243e-01
-8.555761352075953452e-01
-4.683817883120559022e-01
-9.177803505150091690e-01
-3.128992926441271361e-01
-5.327222704644627438e-01
-7.450158446366557108e-01
-5.996515285661017103e-01
-4.708669280036443805e-01
-2.931884487423973007e-01
-1.003021297145359814e+00
-5.327222704644627438e-01
-4.010886216188510600e-01
-7.261871477106963679e-01
-6.634052915717311150e-01
-5.730622995775417339e-01
-7.591755506040962498e-01
-7.450158446366557108e-01
-3.086463211158840259e-01
-4.868075245375997895e-01
-6.772869079459413744e-01
-8.453364572016125456e-01
-2.875793981275899802e-01
-4.010886216188510600e-01
-6.307368185446311504e-01
-6.922693664424768301e-01
-5.263243740484964128e-01
-6.972608912806823600e-01
-5.660256862839521119e-01
-4.635476814179811389e-01
-6.317582294671246768e-01
-6.123163099771099516e-01
-8.846425503591102135e-01
-3.125402179286290161e-01
-5.660256862839520009e-01
-7.763450265327165312e-01
-4.337050487485117900e-01
-6.117420086613971630e-01
-7.418802985489533208e-01
-5.725288353250692630e-01
-4.635476814179811944e-01
-4.883677118112752513e-01
-5.425863615889147118e-01
-6.991881108202460116e-01
-1.832061945247802914e-01
-8.698145604329134972e-01
-9.049169488681412243e-01
-3.990041207558136516e-01
-5.110750524582090559e-01
-7.935312947048611676e-01
-9.203868409221095392e-01
-1.947846628720555917e-01
-3.086463211158840259e-01
-7.974584472101464705e-01
-5.424886166113250807e-01
-1.872938889226220815e-01
-6.392161861052991778e-01
-4.530075577106941198e-01
-8.555761352075954562e-01
-4.122519129341734034e-01
-6.786291904574168754e-01
-8.866862261983290416e-01
-7.763450265327166422e-01
-7.974584472101464705e-01
-3.815583041201235925e-01
-8.955579592882939588e-01
-8.437411227760942545e-01
-3.697284440805479466e-01
-4.883677118112751958e-01
-8.373026845571085452e-01
-5.030714319940343682e-01
-5.240916412194025487e-01
-7.715347165427911547e-01
-4.729410995544613971e-01
-3.990041207558135961e-01
-7.113229848638961128e-01
-4.577077639258925190e-01
-7.247977020431682904e-01
-6.124429597596459107e-01
-8.373026845571083232e-01
-7.113229848638962238e-01
-3.680664647450595517e-01
-3.632263575097171016e-01
-6.628928768770451230e-01
-5.996515285661017103e-01
-4.868075245375998450e-01
-6.668128343106384248e-01
-6.453699056047613736e-01
-5.332951439596629317e-01
-5.542611936659092020e-01
-4.708669280036444360e-01
-7.261871477106963679e-01
-6.668128343106383138e-01
-4.921404542126316395e-01
-5.591618351307250379e-01
-5.832415435802279502e-01
-6.772869079459412633e-01
-5.424886166113250807e-01
-6.453699056047612626e-01
-7.208401684872280946e-01
-6.182522831021792786e-01
-3.243523453090402242e-01
-6.317582294671246768e-01
-5.425863615889146008e-01
-5.368688017229943377e-01
-5.751298772143443871e-01
-5.865964093189304229e-01
-6.081580045027672465e-01
-6.123163099771099516e-01
-4.337050487485117900e-01
-5.368688017229943377e-01
-8.464315401000807038e-01
-7.554113421220673974e-01
-3.659564072209833818e-01
-6.117420086613971630e-01
-3.815583041201235925e-01
-8.464315401000808148e-01
-5.053501907212465394e-01
-6.958068625921034478e-01
-4.944585942866144279e-01
-6.991881108202461226e-01
-5.030714319940343682e-01
-5.751298772143443871e-01
-7.350640723777581709e-01
-6.019580646509006261e-01
-3.962211356165470377e-01
-1.872938889226220815e-01
-8.955579592882939588e-01
-5.053501907212465394e-01
-9.703916507730462326e-01
-6.906768967868186504e-01
-4.185053269542416965e-01
-6.634052915717311150e-01
-6.307368185446311504e-01
-4.921404542126316395e-01
-5.374670314645142444e-01
-5.921914898022704321e-01
-5.723035834721599269e-01
-4.683817883120560133e-01
-5.110750524582090559e-01
-4.122519129341734034e-01
-4.690295291514876563e-01
-5.344646325949877763e-01
-4.397862530327756314e-01
-5.546609237570769846e-01
-6.392161861052991778e-01
-7.208401684872280946e-01
-9.703916507730461216e-01
-8.704914396136937960e-01
-5.063810744530159447e-01
-7.935312947048611676e-01
-4.577077639258925190e-01
-4.690295291514876563e-01
-5.986521935035593600e-01
-7.746181833068105371e-01
-4.407461128358377556e-01
-5.240916412194025487e-01
-3.680664647450596627e-01
-7.350640723777581709e-01
-8.539603272606750561e-01
-7.658970284000703455e-01
-3.329313684651493133e-01
-7.247977020431682904e-01
-3.632263575097171016e-01
-5.986521935035593600e-01
-7.004641927025305748e-01
-7.146163097676492271e-01
-4.276988661087731680e-01
-6.922693664424768301e-01
-5.374670314645140223e-01
-5.892830762532621502e-01
-5.416671174919007736e-01
-5.865964093189304229e-01
-7.554113421220673974e-01
-3.806207998338895782e-01
-5.959324802259370335e-01
-6.628941172638167512e-01
-5.378910190460775009e-01
-6.628928768770450120e-01
-8.539603272606750561e-01
-7.004641927025305748e-01
-6.974605746944153584e-01
-7.369760226097210598e-01
-6.958068625921035588e-01
-6.906768967868186504e-01
-5.710280487593664134e-01
-6.484571527674976021e-01
-1.112114988176756469e+00
-6.081580045027672465e-01
-6.019580646509006261e-01
-3.806207998338895782e-01
-7.846591679551864207e-01
-8.552875763213751981e-01
-3.433878236724682287e-01
-6.786291904574168754e-01
-5.344646325949877763e-01
-7.570685985896034031e-01
-4.976165071560246789e-01
-3.659564072209833263e-01
-4.944585942866143724e-01
-5.959324802259370335e-01
-5.710280487593664134e-01
-3.193218089079629118e-01
-5.651131808569227477e-01
-5.006546976930201787e-01
-5.332951439596629317e-01
-6.182522831021792786e-01
-6.217650731767634387e-01
-6.471300399092689837e-01
-5.148566396967957370e-01
-5.471014297840496310e-01
-5.542611936659092020e-01
-5.591618351307250379e-01
-6.217650731767633276e-01
-6.132136318203751379e-01
-5.716771035533201317e-01
-5.556149603292558359e-01
-3.243523453090402242e-01
-8.704914396136939070e-01
-6.471300399092689837e-01
-3.901521159395778815e-01
-6.705867213760886569e-01
-6.621771569839097760e-01
-3.962211356165470377e-01
-7.658970284000703455e-01
-7.846591679551864207e-01
-4.193710793266125503e-01
-3.942251299292497402e-01
-8.231130671064814663e-01
-4.185053269542416965e-01
-5.063810744530159447e-01
-6.484571527674974911e-01
-3.901521159395778815e-01
-1.618997927470804954e-01
-5.869674857384432620e-01
-7.542190183163302031e-01
-5.832415435802278392e-01
-5.921914898022704321e-01
-6.132136318203751379e-01
-6.066603899007827483e-01
-5.594227782349925349e-01
-5.228160651950517490e-01
-6.628941172638167512e-01
-8.552875763213750870e-01
-6.410786378164893273e-01
-6.848052823582282400e-01
-8.193200689073640852e-01
-4.397862530327756314e-01
-7.746181833068105371e-01
-6.037267878985401737e-01
-7.328824072596071826e-01
-4.335184677765583361e-01
-5.372338443825495080e-01
-1.112114988176756025e+00
-3.193218089079629118e-01
-1.618997927470805231e-01
-7.171354804934924054e-01
-7.340350583005881280e-01
-6.790415386350689975e-01
-5.378910190460776120e-01
-5.651131808569227477e-01
-6.410786378164894384e-01
-7.599512012060819499e-01
-3.913504344802083978e-01
-6.156340774709663233e-01
-4.407461128358377556e-01
-7.146163097676492271e-01
-6.037267878985401737e-01
-5.571144343986784708e-01
-5.040847608619986042e-01
-6.764697548462581533e-01
-3.329313684651493688e-01
-6.974605746944153584e-01
-4.193710793266126058e-01
-3.982612202969527671e-01
-6.328445699182168038e-01
-4.731185204893503249e-01
-4.757920884141535467e-01
-5.723035834721598158e-01
-5.892830762532621502e-01
-6.066603899007827483e-01
-6.216728805958910975e-01
-6.172278787007032808e-01
-4.739295224052700317e-01
-4.276988661087731125e-01
-7.369760226097209488e-01
-5.571144343986785819e-01
-3.982612202969527115e-01
-7.549105425436649641e-01
-6.494428386028396893e-01
-5.546609237570769846e-01
-7.570685985896032921e-01
-7.328824072596071826e-01
-4.310830974855032749e-01
-5.156991999827734707e-01
-5.215448331836534113e-01
-5.006546976930201787e-01
-7.171354804934926275e-01
-7.599512012060819499e-01
-5.288684783123374089e-01
-5.528122093008007720e-01
-4.584251280503321979e-01
-3.433878236724682287e-01
-3.942251299292497402e-01
-6.848052823582283510e-01
-7.194637284763487628e-01
-4.153383202395231066e-01
-5.735311933347879698e-01
-3.232586956512218945e-01
-6.705867213760886569e-01
-5.869674857384432620e-01
-4.670332674539186546e-01
-5.734731647370695518e-01
-5.824806282589405360e-01
-6.048552832880902397e-01
-5.148566396967958481e-01
-6.621771569839097760e-01
-4.670332674539186546e-01
-6.469954558377266629e-01
-6.318328676648967690e-01
-5.639603568069599948e-01
-7.542190183163302031e-01
-7.340350583005881280e-01
-5.734731647370694407e-01
-4.078330986593541319e-01
-4.596994517486473475e-01
-5.965270045057924353e-01
-8.231130671064814663e-01
-6.328445699182168038e-01
-7.194637284763487628e-01
-7.157854412440358693e-01
-7.586489578377075826e-01
-5.471014297840496310e-01
-5.716771035533201317e-01
-6.469954558377268850e-01
-6.346508219047779509e-01
-5.416985869711709034e-01
-5.364284152942443429e-01
-8.193200689073640852e-01
-3.913504344802084534e-01
-4.153383202395231066e-01
-6.004512045591214875e-01
-5.797606908909951340e-01
-7.362819102624572620e-01
-5.556149603292557249e-01
-5.594227782349925349e-01
-6.346508219047780619e-01
-6.546523470625211782e-01
-5.545717924591272441e-01
-5.207571619285389364e-01
-6.790415386350689975e-01
-5.288684783123374089e-01
-4.078330986593540763e-01
-7.895547936783013920e-01
-7.229063523280951920e-01
-4.012552206223567453e-01
-6.156340774709663233e-01
-5.528122093008007720e-01
-6.004512045591214875e-01
-6.319827934056803098e-01
-5.198693418705441216e-01
-5.592313592721849247e-01
-5.416671174919005516e-01
-6.216728805958912085e-01
-6.739193461217111158e-01
-5.002063866709423046e-01
-4.731185204893503249e-01
-7.549105425436649641e-01
-7.405378045457602365e-01
-4.798255600822213252e-01
-5.719951879296686359e-01
-4.925269053513118278e-01
-4.757920884141536577e-01
-7.157854412440358693e-01
-7.405378045457601255e-01
-3.878972289585936872e-01
-6.788614283014593465e-01
-5.218569451591785757e-01
-4.584251280503321979e-01
-7.895547936783013920e-01
-6.319827934056803098e-01
-7.474310164290025593e-01
-5.557088502808995578e-01
-3.487642310888886543e-01
-4.976165071560247344e-01
-4.310830974855032749e-01
-9.174808974065514766e-01
-3.570396235309123423e-01
-5.040847608619986042e-01
-6.494428386028396893e-01
-4.798255600822213252e-01
-6.023966779111099568e-01
-7.073479963626052580e-01
-5.456972155988378814e-01
-5.228160651950517490e-01
-6.172278787007032808e-01
-6.546523470625212893e-01
-6.191322044270466396e-01
-5.740455267124118244e-01
-4.944329055935831052e-01
-5.735311933347879698e-01
-5.797606908909952450e-01
-8.394297346268351223e-01
-6.210230191893078011e-01
-5.818138297114336943e-01
-3.376845986213046213e-01
-3.232586956512218390e-01
-7.586489578377075826e-01
-3.878972289585936872e-01
-8.394297346268351223e-01
-6.129482031030588640e-01
-6.347125963888547995e-01
-4.335184677765583361e-01
-6.764697548462581533e-01
-6.023966779111100678e-01
-7.514434039840756085e-01
-6.222600598728486032e-01
-4.257466992253711169e-01
-5.824806282589405360e-01
-4.596994517486473475e-01
-5.745992593557284200e-01
-8.527728456584027228e-01
-8.156463479374758130e-01
-2.888769340419526377e-01
-6.048552832880902397e-01
-6.318328676648966580e-01
-5.745992593557284200e-01
-5.701300256758434770e-01
-4.892811244011799343e-01
-6.077297045645300155e-01
-5.965270045057924353e-01
-7.229063523280951920e-01
-8.527728456584027228e-01
-7.469413989923980868e-01
-7.372410743146899925e-01
-7.362819102624572620e-01
-5.198693418705440106e-01
-6.210230191893078011e-01
-5.223355161054186180e-01
-3.965501985307342547e-01
-7.153021775402039761e-01
-5.372338443825495080e-01
-5.156991999827734707e-01
-7.514434039840757196e-01
-7.190490492373000642e-01
-7.140027014143232043e-01
-3.002644516207982894e-01
-5.639603568069602169e-01
-5.416985869711709034e-01
-5.701300256758434770e-01
-6.601763050839777325e-01
-5.753672124990965031e-01
-5.648453105018185205e-01
-5.592313592721848137e-01
-7.474310164290025593e-01
-5.223355161054186180e-01
-7.069621738496858487e-01
-6.708633834841334354e-01
-3.164296844537120568e-01
-4.012552206223566897e-01
-5.557088502808995578e-01
-7.469413989923979758e-01
-8.129183217596211986e-01
-3.780986516295173905e-01
-6.421294318251964395e-01
-5.364284152942442319e-01
-5.545717924591272441e-01
-6.601763050839777325e-01
-6.761727220173665565e-01
-5.351187836676660758e-01
-5.206526188620663742e-01
-4.739295224052700872e-01
-6.739193461217110048e-01
-6.191322044270466396e-01
-6.786496432023956249e-01
-5.582186239428017505e-01
-4.873353820108335954e-01
-5.215448331836536333e-01
-9.174808974065514766e-01
-7.190490492372999531e-01
-9.174488897335080217e-01
-6.258916721532212790e-01
-6.788614283014593465e-01
-6.129482031030588640e-01
-5.529465793275849528e-01
-4.901531497256885750e-01
-6.223604347980142837e-01
-5.246017212904573457e-01
-5.818138297114336943e-01
-3.965501985307342547e-01
-7.326893262189575484e-01
-9.005368455209697975e-01
-4.325666278457319658e-01
-5.094626352806022052e-01
-3.487642310888886543e-01
-7.069621738496858487e-01
-8.129183217596211986e-01
-6.719832120862936353e-01
-4.676283679865597676e-01
-5.243705457471279363e-01
-7.153021775402039761e-01
-6.708633834841333243e-01
-7.326893262189575484e-01
-8.197857887392883125e-01
-7.021637449890387739e-01
-5.719951879296686359e-01
-5.218569451591785757e-01
-5.529465793275849528e-01
-6.517969698403117684e-01
-6.543518529461016531e-01
-5.261850530585422403e-01
-3.376845986213046213e-01
-6.347125963888549105e-01
-4.901531497256885750e-01
-9.005368455209695755e-01
-7.479669700072740790e-01
-4.502090358041361817e-01
-8.156463479374758130e-01
-4.892811244011799898e-01
-4.157215398387439920e-01
-6.420129195604977745e-01
-7.196159514370725763e-01
-4.519748038138519663e-01
-2.888769340419526377e-01
-7.372410743146901035e-01
-3.780986516295173905e-01
-4.157215398387439920e-01
-6.541560755521659276e-01
-7.797314193260784787e-01
-2.445208996215717800e-01
-4.925269053513118278e-01
-7.073479963626052580e-01
-6.517969698403116574e-01
-5.109857805016976284e-01
-5.764835342824605746e-01
-5.479867240274441942e-01
-5.207571619285389364e-01
-5.740455267124118244e-01
-6.761727220173665565e-01
-6.571356703346922234e-01
-5.341600508203749875e-01
-5.212136674564460392e-01
-6.077297045645300155e-01
-5.753672124990965031e-01
-6.420129195604977745e-01
-5.642821633869808950e-01
-5.151361027538783333e-01
-5.709050804780161359e-01
-5.456972155988378814e-01
-6.222600598728487142e-01
-5.109857805016976284e-01
-5.966235209180019705e-01
-6.705754135947794570e-01
-5.349044304374771519e-01
-3.164296844537120568e-01
-6.719832120862936353e-01
-8.197857887392884235e-01
-3.626219527292845468e-01
-6.769188511735373392e-01
-7.079181101386095021e-01
-6.421294318251964395e-01
-4.676283679865597120e-01
-6.541560755521658166e-01
-6.136077064716967122e-01
-7.081105647379851709e-01
-4.169432487088197137e-01
-5.648453105018185205e-01
-5.351187836676660758e-01
-5.642821633869808950e-01
-6.858148176213572089e-01
-6.303743235324319460e-01
-5.011138797999261651e-01
-4.257466992253711169e-01
-7.140027014143232043e-01
-5.966235209180019705e-01
-5.789465709066230481e-01
-6.617239885146741774e-01
-5.221150820551988536e-01
-4.325666278457319658e-01
-7.021637449890387739e-01
-3.626219527292845468e-01
-6.986025470245209590e-01
-5.743108162249439541e-01
-7.558971700809516969e-01
-7.196159514370725763e-01
-7.797314193260784787e-01
-6.878372857495442805e-01
-8.568885698544167484e-01
-6.082833572152691604e-01
-6.223604347980142837e-01
-7.479669700072741900e-01
-6.088705901547593058e-01
-3.669511567290699716e-01
-7.948978572579303847e-01
-3.988744949146692531e-01
-4.944329055935831052e-01
-6.786496432023956249e-01
-6.571356703346922234e-01
-5.567902551561416669e-01
-5.059465764196340309e-01
-5.935678573937865909e-01
-5.002063866709421935e-01
-5.582186239428017505e-01
-7.742406794761819144e-01
-4.867949943890846343e-01
-5.243705457471279363e-01
-6.769188511735373392e-01
-6.136077064716967122e-01
-4.264702457257721346e-01
-6.844241777223682988e-01
-5.640108044233986817e-01
-5.246017212904573457e-01
-6.543518529461016531e-01
-6.088705901547593058e-01
-5.611245867892111772e-01
-6.314526726034355164e-01
-4.979100395955760039e-01
-5.094626352806022052e-01
-4.502090358041361817e-01
-6.986025470245209590e-01
-3.669511567290700271e-01
-7.683495213321832606e-01
-4.372334191596314312e-01
-2.324625507704405902e-01
-5.206526188620664852e-01
-5.341600508203749875e-01
-6.858148176213572089e-01
-7.318960762563158085e-01
-5.521755514994103331e-01
-4.713742881792528649e-01
-4.519748038138520774e-01
-5.151361027538783333e-01
-6.878372857495442805e-01
-7.711481196479346156e-01
-4.696591267376596379e-01
-6.137756210556577496e-01
-5.261850530585421293e-01
-5.764835342824605746e-01
-5.611245867892110661e-01
-6.389382728933086231e-01
-6.618581377618233397e-01
-5.135022668493829379e-01
-3.002644516207982339e-01
-9.174488897335080217e-01
-5.789465709066231591e-01
-3.478398196007227994e-01
-6.873738415525618706e-01
-7.759881504479770875e-01
-2.445208996215717800e-01
-7.081105647379851709e-01
-8.568885698544166374e-01
-7.712632561472196890e-01
-4.493592140899558274e-01
-5.528396150246108753e-01
-7.079181101386093911e-01
-5.743108162249439541e-01
-4.264702457257721346e-01
-4.853694184723902350e-01
-6.540250909584959249e-01
-6.428213230450805504e-01
-5.479867240274441942e-01
-6.705754135947794570e-01
-6.389382728933086231e-01
-5.027446382550835313e-01
-5.410674386211670184e-01
-5.791149367308295881e-01
-3.570396235309123423e-01
-6.258916721532212790e-01
-3.478398196007227994e-01
-4.629570982270739821e-01
-6.014298391944508104e-01
-5.709050804780162469e-01
-6.303743235324319460e-01
-7.711481196479345046e-01
-5.113239336586101746e-01
-3.289989578786465252e-01
-7.141240292442674331e-01
-4.169432487088197137e-01
-6.844241777223682988e-01
-7.712632561472196890e-01
-5.869698860960907982e-01
-4.241267010599247822e-01
-6.262992571002810038e-01
-7.948978572579304958e-01
-7.683495213321832606e-01
-6.530083132879170860e-01
-8.879871700928874123e-01
-5.618749613734765891e-01
-7.558971700809518079e-01
-4.372334191596314867e-01
-4.853694184723902350e-01
-8.865033326546751802e-01
-5.935358897746075835e-01
-3.958227462570667599e-01
-5.212136674564459282e-01
-5.567902551561416669e-01
-7.318960762563158085e-01
-5.748200627043684730e-01
-4.618770134934881977e-01
-6.441576043491348269e-01
-5.349044304374771519e-01
-6.617239885146741774e-01
-5.027446382550835313e-01
-5.104528402566880230e-01
-7.142525423200712931e-01
-5.646953403312942044e-01
-6.082833572152690493e-01
-4.696591267376596379e-01
-4.493592140899558274e-01
-5.389906135007895838e-01
-6.946308031385621806e-01
-7.480911453555832979e-01
-3.988744949146693086e-01
-6.314526726034355164e-01
-6.530083132879171970e-01
-7.022346311807938779e-01
-5.508186803383353647e-01
-5.594144210730926936e-01
-4.873353820108335954e-01
-5.059465764196340309e-01
-7.742406794761819144e-01
-7.244505728569698988e-01
-4.336513830467584318e-01
-5.909631256802087007e-01
-5.640108044233986817e-01
-6.540250909584959249e-01
-5.869698860960907982e-01
-4.839739160015245067e-01
-5.085288112316128650e-01
-6.809764775635676060e-01
-5.011138797999261651e-01
-5.521755514994104441e-01
-5.113239336586102857e-01
-7.238071395367651206e-01
-8.538209810378870612e-01
-3.962121915626743984e-01
-4.979100395955760039e-01
-6.618581377618233397e-01
-7.022346311807938779e-01
-5.507076856001256182e-01
-4.485802805608705146e-01
-6.300139039951300202e-01
-2.324625507704405347e-01
-8.879871700928875233e-01
-8.865033326546750692e-01
-4.602773232141637583e-01
-6.461929190272756030e-01
-4.992271654794055435e-01
-5.528396150246108753e-01
-4.241267010599247822e-01
-5.389906135007896948e-01
-8.522274864084773416e-01
-6.970782715268113439e-01
-4.626555626284002964e-01
-6.428213230450805504e-01
-5.935358897746076945e-01
-4.839739160015245067e-01
-6.917115973129746020e-01
-6.090293918479685598e-01
-4.612703070556834484e-01
-6.137756210556577496e-01
-3.289989578786465252e-01
-6.946308031385621806e-01
-7.349940120063315208e-01
-1.920736989035075892e-01
-8.692606321155750271e-01
-1.315156591085266113e-01
-5.221150820551988536e-01
-6.873738415525618706e-01
-5.104528402566880230e-01
-4.828341755281280179e-01
-7.093113558764017057e-01
-5.854183985909817700e-01
-5.135022668493829379e-01
-5.410674386211670184e-01
-5.507076856001256182e-01
-6.712163213885976587e-01
-6.601818017656819748e-01
-5.455712804343892941e-01
-6.262992571002810038e-01
-5.085288112316128650e-01
-8.522274864084773416e-01
-4.707569285863507647e-01
-8.409957977768476312e-01
-2.807721506783347198e-01
-7.141240292442673221e-01
-7.238071395367651206e-01
-7.349940120063314097e-01
-5.661518726200912566e-01
-9.364263023189487445e-01
-5.935678573937865909e-01
-5.748200627043684730e-01
-7.244505728569698988e-01
-5.051481112342788293e-01
-3.716410186061958054e-01
-7.469866026855547236e-01
-5.618749613734767001e-01
-5.508186803383352537e-01
-4.602773232141638138e-01
-6.003679066732749980e-01
-6.634984470662815825e-01
-6.438269321946210599e-01
-4.713742881792528649e-01
-4.618770134934881977e-01
-8.538209810378869502e-01
-6.640664954718751289e-01
-4.359894624907230121e-01
-6.405087216508398296e-01
-3.958227462570667043e-01
-6.461929190272756030e-01
-6.917115973129746020e-01
-6.264284076201147577e-01
-6.124974485699541393e-01
-5.178672965820780849e-01
-5.791149367308294771e-01
-7.142525423200712931e-01
-6.712163213885975477e-01
-3.440605751327411310e-01
-4.982741524060432803e-01
-7.127524409694077079e-01
-6.809764775635676060e-01
-6.090293918479685598e-01
-4.707569285863507091e-01
-6.631943783986724572e-01
-5.833767081321473702e-01
-4.759420863385996348e-01
-7.480911453555835200e-01
-6.970782715268113439e-01
-1.920736989035075892e-01
-8.377677474632699850e-01
-5.681762462345687492e-01
-5.400710285597587479e-01
-7.759881504479770875e-01
-4.629570982270739821e-01
-4.828341755281279624e-01
-7.115612293149925494e-01
-5.004630689755377171e-01
-5.837900305819155866e-01
-5.594144210730928046e-01
-4.485802805608705146e-01
-6.003679066732748870e-01
-7.156843296343123884e-01
-5.094389827178387176e-01
-6.572776068104633218e-01
-4.992271654794055435e-01
-6.634984470662815825e-01
-6.264284076201147577e-01
-5.286428313216846586e-01
-5.430072985622080850e-01
-6.163786840388764121e-01
-6.300139039951300202e-01
-6.601818017656819748e-01
-7.156843296343124994e-01
-4.087634992953648738e-01
-2.712325763284086366e-01
-8.924191424847016663e-01
-8.692606321155749161e-01
-8.377677474632698740e-01
-8.141698150188845240e-01
-5.170674932244028188e-01
-6.480488255455530977e-01
-4.612703070556833929e-01
-6.124974485699541393e-01
-6.631943783986724572e-01
-6.524999341102970529e-01
-6.072966130389434447e-01
-4.836038098842128097e-01
-4.867949943890846343e-01
-4.336513830467583763e-01
-8.727798708873676370e-01
-5.291862812514344094e-01
-8.409957977768476312e-01
-5.833767081321473702e-01
-7.789907777428798363e-01
-6.483107429533625510e-01
-8.084243740512168097e-01
-4.626555626284003520e-01
-2.807721506783347198e-01
-5.681762462345688602e-01
-7.789907777428799474e-01
-6.160294474635704676e-01
-3.099732065464951836e-01
-4.341208551038880370e-01
-6.441576043491348269e-01
-5.051481112342788293e-01
-6.640664954718750179e-01
-4.834643498882627011e-01
-5.433978395583529686e-01
-6.442922602188498882e-01
-5.646953403312943154e-01
-7.093113558764017057e-01
-3.440605751327411310e-01
-8.561978083428949393e-01
-5.978597152250290092e-01
-4.721197935197991580e-01
-3.962121915626743984e-01
-5.661518726200912566e-01
-4.359894624907230121e-01
-5.045269574493042031e-01
-6.563444240761393544e-01
-3.090844248339302824e-01
-5.478610308339975088e-01
-1.315156591085265836e-01
-9.364263023189487445e-01
-8.141698150188846350e-01
-5.045269574493042031e-01
-4.221470072699142762e-01
-8.745440183895119013e-01
-6.014298391944509214e-01
-7.115612293149925494e-01
-5.025582358310919373e-01
-5.569523891661020132e-01
-6.438269321946210599e-01
-5.094389827178387176e-01
-5.286428313216846586e-01
-6.182287739821801242e-01
-4.581357727830073223e-01
-7.342530411918820610e-01
-5.178672965820779739e-01
-5.430072985622079740e-01
-6.524999341102970529e-01
-6.575519858814329321e-01
-5.879664919077547403e-01
-5.150424194956773061e-01
-5.455712804343892941e-01
-4.982741524060432803e-01
-4.087634992953649293e-01
-5.646403478482133753e-01
-5.830917165325599782e-01
-2.913781424640407569e-01
-5.124121177980011099e-01
-4.759420863385995792e-01
-6.072966130389435557e-01
-6.483107429533626620e-01
-4.416051103593261473e-01
-6.550596647296875741e-01
-6.583139869251137810e-01
-5.909631256802087007e-01
-3.716410186061958054e-01
-8.727798708873677480e-01
-6.548947296174564281e-01
-2.954239973017569465e-01
-8.065487964179798297e-01
-5.400710285597587479e-01
-5.170674932244028188e-01
-6.160294474635703565e-01
-5.382854594971953066e-01
-7.036464103315754892e-01
-5.624862080211590065e-01
-7.127524409694077079e-01
-8.561978083428950503e-01
-5.646403478482132643e-01
-5.234296343430366871e-01
-1.076368304992241232e+00
-6.572776068104633218e-01
-2.712325763284086366e-01
-6.182287739821801242e-01
-7.437116970882799993e-01
-3.219985664038756967e-01
-6.856837664568709023e-01
-1.971073417062109145e-01
-5.854183985909817700e-01
-5.004630689755377171e-01
-5.978597152250290092e-01
-6.719217018518923723e-01
-5.627980710766931072e-01
-5.650689018941694730e-01
-6.405087216508398296e-01
-4.834643498882627011e-01
-6.563444240761392434e-01
-6.065718255667977843e-01
-5.875401745836907885e-01
-5.060714236969865443e-01
-6.163786840388764121e-01
-4.581357727830074333e-01
-6.575519858814331542e-01
-6.789989472332633724e-01
-5.671362754605768774e-01
-5.052415096311420051e-01
-8.084243740512166987e-01
-3.099732065464951836e-01
-4.416051103593261473e-01
-8.470460974787104025e-01
-5.400321527291787049e-01
-6.196144118564820280e-01
-7.469866026855547236e-01
-5.433978395583529686e-01
-6.548947296174564281e-01
-5.418854287580181506e-01
-3.389204260719242967e-01
-6.933666741310978709e-01
-8.924191424847016663e-01
-5.830917165325599782e-01
-7.437116970882799993e-01
-6.572662688233261719e-01
-7.880046501619564214e-01
-4.836038098842128097e-01
-5.879664919077547403e-01
-6.550596647296875741e-01
-4.964969936914318538e-01
-6.373304947423978906e-01
-6.156174979637930589e-01
-6.480488255455530977e-01
-4.221470072699142762e-01
-5.382854594971953066e-01
-5.545951454163592365e-01
-5.687132472430616037e-01
-7.668106066595524739e-01
-4.341208551038880370e-01
-7.036464103315753782e-01
-8.470460974787104025e-01
-5.692751392846679970e-01
-4.504386949374518112e-01
-5.196533189824907861e-01
-3.090844248339302824e-01
-8.745440183895117903e-01
-5.545951454163593475e-01
-8.344510603978239072e-01
-3.653769376550904946e-01
-6.535280360045211401e-01
-7.342530411918821720e-01
-3.219985664038756412e-01
-6.789989472332632614e-01
-8.246067199153179761e-01
-6.008097060498198694e-01
-3.932622389150534081e-01
-6.583139869251137810e-01
-5.400321527291787049e-01
-4.964969936914318538e-01
-5.762061621803911127e-01
-5.776282856916461483e-01
-6.235391055925110226e-01
-5.150424194956773061e-01
-5.671362754605768774e-01
-6.373304947423978906e-01
-5.205481967813152533e-01
-6.337682771030619389e-01
-5.972511761474461611e-01
-5.837900305819154756e-01
-5.025582358310919373e-01
-6.719217018518923723e-01
-6.409603699638108942e-01
-5.373914321198747235e-01
-5.455900748987098092e-01
-5.478610308339975088e-01
-6.065718255667977843e-01
-8.344510603978239072e-01
-5.937140362169441854e-01
-3.867907077230016144e-01
-5.455921691166609744e-01
-6.442922602188498882e-01
-5.875401745836906775e-01
-5.418854287580181506e-01
-6.979252834522714499e-01
-5.136738623879821830e-01
-4.980209893626506013e-01
-5.624862080211590065e-01
-5.687132472430616037e-01
-5.692751392846678860e-01
-5.287278615761259459e-01
-6.132732419585157357e-01
-6.284888677717912486e-01
-4.721197935197991580e-01
-5.234296343430366871e-01
-5.627980710766932182e-01
-2.464230631101250735e-01
-6.232133732095906931e-01
-6.840232551025938745e-01
-3.275760657369518603e-01
-2.913781424640408124e-01
-1.076368304992241232e+00
-2.464230631101250735e-01
-8.658448430262386530e-01
-7.985089202896040739e-01
-4.401100231298686882e-01
-5.124121177980009989e-01
-6.572662688233261719e-01
-8.658448430262384310e-01
-4.502004045018739298e-01
-5.644933637301727813e-01
-4.770243796039839723e-01
-6.196144118564819170e-01
-4.504386949374518112e-01
-5.762061621803911127e-01
-6.804244208350218592e-01
-5.504820986491468782e-01
-6.027187486558210905e-01
-6.856837664568709023e-01
-8.246067199153179761e-01
-9.435897208766224065e-01
-7.272020921614742450e-01
-5.092760600841423901e-01
-6.156174979637930589e-01
-5.776282856916461483e-01
-5.205481967813152533e-01
-5.525697255228982918e-01
-5.892583330407219488e-01
-6.116814399871316477e-01
-5.052415096311420051e-01
-6.008097060498198694e-01
-6.337682771030619389e-01
-5.367814862242277218e-01
-6.161011860931397965e-01
-5.791643229790737202e-01
-1.971073417062109145e-01
-7.880046501619564214e-01
-4.502004045018739853e-01
-9.435897208766224065e-01
-7.582455585359693107e-01
-4.914918356197343074e-01
-7.668106066595524739e-01
-3.653769376550904946e-01
-5.287278615761259459e-01
-7.274245899006710481e-01
-5.046357819880679108e-01
-6.256217893666985441e-01
-5.196533189824908971e-01
-6.132732419585157357e-01
-6.804244208350218592e-01
-5.621518981873412368e-01
-5.328476953942355987e-01
-5.653474605508111983e-01
-5.060714236969865443e-01
-5.937140362169441854e-01
-6.979252834522715609e-01
-6.443783397705848959e-01
-4.846093392975641678e-01
-5.587698002820015164e-01
-5.291862812514344094e-01
-2.954239973017570020e-01
-6.983374609246024711e-01
-3.603707542138870346e-01
-4.468436576542747507e-01
-8.065487964179798297e-01
-3.389204260719242967e-01
-6.983374609246024711e-01
-8.374560705689100271e-01
-8.519671282018466130e-01
-1.335525263451292355e-01
-6.235391055925110226e-01
-5.504820986491468782e-01
-5.525697255228982918e-01
-5.549673723806771708e-01
-5.566909661843353341e-01
-6.291713839167232258e-01
-5.972511761474461611e-01
-5.892583330407219488e-01
-5.367814862242277218e-01
-5.625068384991529502e-01
-5.890102204069359582e-01
-5.911136422886722475e-01
-6.535280360045210291e-01
-3.867907077230016144e-01
-7.274245899006711591e-01
-7.556055401241739133e-01
-4.403260535615943772e-01
-5.558565148335798956e-01
-3.932622389150534081e-01
-7.272020921614742450e-01
-6.161011860931397965e-01
-5.771936195541107484e-01
-4.576858277789101481e-01
-7.413007265017215186e-01
-5.569523891661020132e-01
-6.409603699638108942e-01
-6.173304849932392813e-01
-5.425128975099263728e-01
-6.933666741310977599e-01
-5.136738623879821830e-01
-8.374560705689100271e-01
-8.197028592313435613e-01
-8.193176425894654891e-01
-5.650689018941694730e-01
-5.373914321198747235e-01
-6.232133732095906931e-01
-6.228839229005811440e-01
-7.020876647387496172e-01
-4.381517921852092767e-01
-6.284888677717910266e-01
-5.046357819880679108e-01
-5.621518981873412368e-01
-6.290513552142490417e-01
-5.926829186044382247e-01
-5.549738490832002435e-01
-6.027187486558209795e-01
-5.328476953942355987e-01
-5.549673723806771708e-01
-5.932954666799257204e-01
-5.764791548765382245e-01
-6.070264953788493401e-01
-6.840232551025938745e-01
-7.985089202896040739e-01
-6.855135248558710259e-01
-8.925698477472897574e-01
-6.090194955155834311e-01
-6.116814399871317587e-01
-5.566909661843353341e-01
-5.625068384991529502e-01
-5.699088903803163353e-01
-5.484620500761330231e-01
-6.170951374604133344e-01
-5.644933637301727813e-01
-7.582455585359693107e-01
-4.179653146895240257e-01
-6.845590705983238822e-01
-8.846240353729648564e-01
-2.682275356736945060e-01
-5.791643229790736092e-01
-5.890102204069359582e-01
-5.771936195541107484e-01
-5.818891727802465441e-01
-4.981602765201885163e-01
-6.446956165244541737e-01
-5.455921691166609744e-01
-6.443783397705848959e-01
-7.556055401241739133e-01
-4.791923736705685499e-01
-5.099553059612045303e-01
-5.567389140718368434e-01
-5.092760600841422791e-01
-4.914918356197343630e-01
-4.576858277789102036e-01
-4.179653146895239701e-01
-5.023466012301365247e-01
-4.457814107166732098e-01
-5.581881505937097421e-01
-4.401100231298686882e-01
-4.770243796039839168e-01
-6.855135248558711369e-01
-6.845590705983237712e-01
-8.296718034793300056e-01
-4.140286637771682376e-01
-6.256217893666986551e-01
-4.403260535615943216e-01
-6.290513552142490417e-01
-7.086400339347093125e-01
-5.656916486303420477e-01
-5.181971510486357291e-01
-4.980209893626506013e-01
-4.846093392975641123e-01
-8.197028592313435613e-01
-7.259712870181467270e-01
-2.772499562719716870e-01
-7.637744164218469578e-01
-5.653474605508111983e-01
-5.926829186044382247e-01
-5.932954666799257204e-01
-5.819786600114689179e-01
-5.951157886211935200e-01
-5.386799538509817742e-01
-6.291713839167232258e-01
-5.764791548765382245e-01
-5.699088903803164463e-01
-5.174066092245757087e-01
-5.131341362443938570e-01
-6.665096906089938988e-01
-5.911136422886722475e-01
-5.484620500761330231e-01
-5.818891727802465441e-01
-6.209965659500513713e-01
-5.247354113129651942e-01
-6.001575599598476529e-01
-7.413007265017215186e-01
-4.981602765201884608e-01
-5.023466012301365247e-01
-5.572050900957314923e-01
-6.271973542280934177e-01
-5.600060089601393010e-01
-5.455900748987098092e-01
-6.173304849932392813e-01
-6.228839229005811440e-01
-6.497093415171393271e-01
-5.514550778950844112e-01
-4.931936920246785538e-01
-3.275760657369519158e-01
-7.020876647387495062e-01
-8.925698477472897574e-01
-3.927169187503112835e-01
-6.262608890042895560e-01
-6.279932261726446363e-01
-5.558565148335800066e-01
-4.791923736705685499e-01
-7.086400339347094235e-01
-7.046543386560430999e-01
-5.580327828473936602e-01
-4.850685964116064897e-01
-5.587698002820017384e-01
-5.099553059612045303e-01
-7.259712870181467270e-01
-7.376579290503015862e-01
-3.656262180560453934e-01
-6.151725996307884081e-01
-5.549738490832003546e-01
-5.656916486303420477e-01
-5.819786600114689179e-01
-6.682763602811192527e-01
-6.272805322476819878e-01
-4.780572243327964044e-01
-6.070264953788493401e-01
-5.951157886211935200e-01
-5.174066092245755977e-01
-5.829162435867214498e-01
-5.440817229014831558e-01
-6.226118236975402009e-01
-6.170951374604133344e-01
-5.131341362443938570e-01
-6.209965659500513713e-01
-5.940698711097146534e-01
-4.792150784022093934e-01
-6.500099244278509936e-01
-8.846240353729648564e-01
-4.457814107166732098e-01
-9.214791675106449587e-01
-6.907290708417722636e-01
-7.661223976193781704e-01
-6.446956165244541737e-01
-5.247354113129651942e-01
-5.572050900957317143e-01
-6.454149205501559239e-01
-5.840733283973484902e-01
-5.168466973022609601e-01
-3.603707542138870346e-01
-8.519671282018466130e-01
-9.201484069384744391e-01
-9.684571676890783021e-01
-6.601962733981188158e-01
-5.581881505937097421e-01
-6.271973542280935288e-01
-9.214791675106449587e-01
-5.964962956494512802e-01
-1.226017057071639715e-01
-8.019990769485340065e-01
-1.335525263451292632e-01
-8.193176425894657111e-01
-2.772499562719716315e-01
-9.201484069384744391e-01
-5.336599042548137994e-01
-7.780438280591821520e-01
-1.744057365446998742e-01
-2.682275356736945060e-01
-8.296718034793301166e-01
-6.907290708417721525e-01
-5.386604315021727984e-01
-4.052295786713496772e-01
-8.600403112410244244e-01
-6.665096906089938988e-01
-5.829162435867214498e-01
-5.940698711097146534e-01
-4.646579922569609167e-01
-4.874738419199708406e-01
-6.871447108847427154e-01
-6.090194955155833201e-01
-4.140286637771682376e-01
-3.927169187503112835e-01
-5.386604315021727984e-01
-5.226831335816332080e-01
-3.392023036435636296e-01
-5.920816988594732599e-01
-5.567389140718369545e-01
-7.046543386560430999e-01
-7.376579290503016972e-01
-5.082329455668971319e-01
-3.610521716368909062e-01
-6.450214740635096256e-01
-5.386799538509818852e-01
-6.682763602811192527e-01
-5.440817229014832668e-01
-6.092759373650831201e-01
-5.402787304681357927e-01
-5.722434308586229479e-01
-5.181971510486356181e-01
-5.580327828473936602e-01
-6.272805322476822099e-01
-7.209060753497492646e-01
-6.842355204693674198e-01
-3.916874086891958262e-01
-6.001575599598478750e-01
-4.792150784022094490e-01
-6.454149205501558129e-01
-6.562185808816495269e-01
-5.117423016967916904e-01
-5.835308627682870286e-01
-5.600060089601391899e-01
-5.840733283973484902e-01
-5.964962956494512802e-01
-7.235018760170548457e-01
-4.620503816068376457e-01
-5.555370846388176798e-01
-4.381517921852092767e-01
-6.497093415171393271e-01
-6.262608890042895560e-01
-6.238897709531194824e-01
-6.587049993296600903e-01
-4.971284125445204483e-01
-7.637744164218470688e-01
-3.656262180560454489e-01
-5.336599042548137994e-01
-7.829624867228687224e-01
-6.726996592529077557e-01
-4.254414849442613167e-01
-4.468436576542748062e-01
-9.684571676890783021e-01
-3.382780566436588976e-01
-5.875601756439069456e-01
-6.500099244278508825e-01
-4.646579922569609167e-01
-6.562185808816494159e-01
-6.206439654924249538e-01
-4.603692444068933631e-01
-6.312445932709100926e-01
-6.226118236975402009e-01
-4.874738419199707851e-01
-6.092759373650831201e-01
-6.380585520079282702e-01
-5.477384327887622195e-01
-5.675805807097347166e-01
-5.425128975099262618e-01
-5.514550778950844112e-01
-7.243243455017764898e-01
-5.416373800978235842e-01
-4.780572243327964044e-01
-5.402787304681357927e-01
-7.209060753497492646e-01
-6.149158795714048109e-01
-5.560621400783027912e-01
-5.750395063420534747e-01
-5.168466973022609601e-01
-5.117423016967916904e-01
-7.235018760170548457e-01
-6.772942748913076683e-01
-4.534340713483838714e-01
-6.085902357436513421e-01
-4.850685964116064897e-01
-5.082329455668971319e-01
-6.842355204693675308e-01
-6.792042966182065822e-01
-8.323285484977094306e-01
-3.481327958173154880e-01
-7.661223976193780594e-01
-1.226017057071639438e-01
-4.052295786713496772e-01
-8.785796937439875887e-01
-4.418145862442788840e-01
-7.135018085471552807e-01
-2.333025738907396618e-01
-8.019990769485341175e-01
-4.620503816068376457e-01
-8.785796937439876997e-01
-7.594460920267652737e-01
-7.925566517674016431e-01
-6.871447108847426044e-01
-6.206439654924249538e-01
-6.380585520079282702e-01
-4.426085344677276323e-01
-4.399451296474010675e-01
-6.654273718945369342e-01
-6.279932261726445253e-01
-5.226831335816330970e-01
-6.238897709531194824e-01
-6.882485786923990823e-01
-6.024862176232451683e-01
-4.313548450695278147e-01
-6.151725996307884081e-01
-3.610521716368909617e-01
-7.829624867228686114e-01
-7.753079360143741994e-01
-5.910720229520245450e-01
-4.150900728980932985e-01
-8.600403112410244244e-01
-3.392023036435636296e-01
-4.418145862442787730e-01
-8.916903068563341028e-01
-7.865174296082806382e-01
-3.109162118234592986e-01
-5.835308627682870286e-01
-4.603692444068933631e-01
-6.772942748913076683e-01
-6.838428263008582420e-01
-5.373546640540225461e-01
-5.412895286737700040e-01
-5.722434308586228369e-01
-5.477384327887622195e-01
-6.149158795714048109e-01
-6.586524911967086560e-01
-6.414572688460234984e-01
-4.464762594974033272e-01
-6.450214740635095145e-01
-6.792042966182065822e-01
-7.753079360143741994e-01
-8.837594009526098526e-01
-6.754282062143803778e-01
-5.555370846388176798e-01
-4.534340713483838159e-01
-7.594460920267653847e-01
-6.273566340312510814e-01
-3.239205388152693876e-01
-8.295066370201440442e-01
-3.916874086891958262e-01
-5.560621400783027912e-01
-8.323285484977094306e-01
-5.474997629857121240e-01
-4.462046972283854607e-01
-7.676703713954170505e-01
-4.931936920246784428e-01
-6.587049993296600903e-01
-7.243243455017764898e-01
-5.294484006941999610e-01
-4.313512157547885195e-01
-6.665584989645381153e-01
-6.312445932709100926e-01
-4.426085344677276323e-01
-6.838428263008582420e-01
-6.749346204973620811e-01
-6.225856076901137293e-01
-4.388366319199065169e-01
-7.780438280591821520e-01
-6.726996592529076446e-01
-8.873903011288151177e-01
-5.212477846285935579e-01
-8.394025885392552011e-01
-5.675805807097347166e-01
-4.399451296474010675e-01
-6.586524911967086560e-01
-7.419298368218043560e-01
-7.507377165193427349e-01
-3.674184246111581453e-01
-5.920816988594732599e-01
-6.882485786923989712e-01
-8.916903068563339918e-01
-7.835228987856914795e-01
-7.091517120768948690e-01
-6.085902357436513421e-01
-5.373546640540225461e-01
-6.273566340312510814e-01
-5.359475649896794369e-01
-4.463177333610766073e-01
-7.366138635072633223e-01
-6.601962733981188158e-01
-1.744057365446999019e-01
-3.382780566436588976e-01
-8.873903011288150067e-01
-6.745066509726689308e-01
-2.110830036772091411e-01
-6.045775583645284224e-01
-5.750395063420533637e-01
-6.414572688460234984e-01
-5.474997629857121240e-01
-5.926581652277571610e-01
-5.127310034317734688e-01
-6.038923734749482852e-01
-6.654273718945369342e-01
-6.749346204973620811e-01
-7.419298368218043560e-01
-7.715094339097919862e-01
-7.860119870117571184e-01
-7.135018085471553917e-01
-7.865174296082807492e-01
-7.556601160492146807e-01
-5.299676192831076493e-01
-8.909538228715532249e-01
-2.333025738907396618e-01
-7.925566517674016431e-01
-3.239205388152693876e-01
-7.556601160492146807e-01
-4.562145803922119658e-01
-8.112755629741081886e-01
-1.831945680647942276e-01
-5.412895286737698930e-01
-6.225856076901136182e-01
-5.359475649896794369e-01
-5.914260202541754552e-01
-5.773784313023810899e-01
-6.011616591104960161e-01
-3.481327958173155990e-01
-8.837594009526099637e-01
-4.462046972283854052e-01
-3.494680990326032299e-01
-4.251246502778939229e-01
-9.101137055577428470e-01
-2.084901613006872045e-01
-4.971284125445205593e-01
-6.024862176232451683e-01
-5.294484006941999610e-01
-6.225531381444211476e-01
-6.424710789247393139e-01
-5.908954703419999621e-01
-4.254414849442614277e-01
-5.910720229520245450e-01
-5.212477846285934469e-01
-7.133887529846087983e-01
-6.065732245737570638e-01
-6.401473787742089083e-01
-4.464762594974034382e-01
-7.507377165193427349e-01
-5.926581652277571610e-01
-5.278660201962845910e-01
-4.709881262131666024e-01
-7.155487341814749103e-01
-8.295066370201439332e-01
-4.463177333610766073e-01
-4.562145803922119103e-01
-4.445991539471770837e-01
-6.385855771386331758e-01
-7.185435873297149056e-01
-4.388366319199064614e-01
-7.715094339097919862e-01
-5.914260202541755662e-01
-3.631004516528526516e-01
-4.893460314718438564e-01
-9.228323704625763790e-01
-4.150900728980932985e-01
-6.754282062143803778e-01
-3.494680990326032854e-01
-7.133887529846087983e-01
-1.054842520779379678e+00
-4.196456224076536845e-01
-7.676703713954169395e-01
-5.127310034317734688e-01
-4.251246502778939229e-01
-6.923823996347973075e-01
-6.537219619765184397e-01
-4.638060883477375107e-01
-3.674184246111581453e-01
-7.860119870117572294e-01
-5.278660201962845910e-01
-3.631004516528526516e-01
-3.736611884747287338e-01
-2.325587575271329255e-01
-8.709160985321349191e-01
-4.313548450695279257e-01
-7.835228987856913685e-01
-6.225531381444211476e-01
-2.578483119811605384e-01
-8.447950063397526854e-01
-6.377763876420479150e-01
-3.109162118234592986e-01
-7.091517120768947580e-01
-5.299676192831075383e-01
-2.578483119811604829e-01
-5.155841408738613962e-01
-6.615008221871919725e-01
-4.638887772276443222e-01
-7.366138635072632113e-01
-5.773784313023810899e-01
-4.445991539471771947e-01
-5.834933622371212270e-01
-6.695226269938330255e-01
-4.838776752597932496e-01
-5.875601756439069456e-01
-6.745066509726689308e-01
-5.931144759783337772e-01
-5.644879948375598477e-01
-5.416373800978235842e-01
-4.313512157547885195e-01
-7.537295228861402574e-01
-6.366452831686750802e-01
-6.038923734749483963e-01
-4.709881262131666024e-01
-6.923823996347973075e-01
-6.861331620105637352e-01
-5.169155067820577765e-01
-5.207883778283773912e-01
-8.112755629741081886e-01
-6.385855771386332869e-01
-7.942977629050627097e-01
-2.740243013054368681e-01
-8.310587754168206054e-01
-2.746276814643273667e-01
-8.909538228715530028e-01
-1.831945680647942554e-01
-5.155841408738615073e-01
-7.942977629050627097e-01
-5.835006100065178725e-01
-6.337867456757044771e-01
-6.011616591104960161e-01
-4.893460314718438564e-01
-5.834933622371212270e-01
-6.169750053758629171e-01
-6.214582397810362036e-01
-5.636958517565328064e-01
-8.394025885392552011e-01
-2.110830036772091411e-01
-6.065732245737570638e-01
-4.273974237922531505e-01
-7.218855170151508016e-01
-8.064442806686002996e-01
-7.155487341814750213e-01
-3.736611884747287338e-01
-6.861331620105637352e-01
-6.874866680388860285e-01
-5.324467022918746295e-01
-5.193193583272462943e-01
-9.228323704625762680e-01
-2.325587575271328977e-01
-6.169750053758629171e-01
-8.034518185311038119e-01
-5.056105903272518631e-01
-5.199843646483117698e-01
-9.101137055577428470e-01
-6.537219619765184397e-01
-7.751857509433865978e-01
-6.027761200435678424e-01
-7.318410724335354667e-01
-6.665584989645381153e-01
-6.424710789247393139e-01
-7.537295228861402574e-01
-2.864467306645261946e-01
-9.896349692317345514e-01
-2.986953679128253603e-01
-7.185435873297149056e-01
-6.695226269938330255e-01
-2.740243013054368126e-01
-7.103705453964492822e-01
-8.377989078161779402e-01
-3.701631632176783926e-01
-8.709160985321346971e-01
-6.874866680388861395e-01
-8.034518185311039229e-01
-6.507047709259257129e-01
-6.466204144134486409e-01
-2.084901613006872878e-01
-1.054842520779379900e+00
-7.751857509433864868e-01
-4.351278692013795801e-01
-3.839725173227614974e-01
-8.426155104722883316e-01
-4.838776752597931941e-01
-6.214582397810362036e-01
-7.103705453964492822e-01
-6.154494591799131165e-01
-5.132359502059435918e-01
-5.456655350160058982e-01
-4.638060883477375662e-01
-5.169155067820577765e-01
-6.027761200435677313e-01
-7.901972554597120890e-01
-5.411637211874995579e-01
-5.878570287107615089e-01
-6.401473787742087973e-01
-4.196456224076537400e-01
-4.273974237922531505e-01
-4.351278692013796356e-01
-4.460976230385731989e-01
-4.135734747524211219e-01
-6.240056811218649413e-01
-6.045775583645284224e-01
-5.931144759783337772e-01
-7.218855170151508016e-01
-4.678381894635447180e-01
-5.278573897757709021e-01
-5.804135863201905776e-01
-8.447950063397526854e-01
-6.615008221871919725e-01
-2.562785691933890386e-01
-7.556164108117873202e-01
-8.707776898903458740e-01
-2.542521316075492255e-01
-5.908954703419999621e-01
-6.377763876420479150e-01
-2.864467306645263056e-01
-2.562785691933890941e-01
-8.067701481194149427e-01
-7.843758792996513574e-01
-1.843709848664393802e-01
-8.310587754168208274e-01
-8.377989078161779402e-01
-7.174339878039639462e-01
-6.228449020184135820e-01
-6.487334582431301122e-01
-5.636958517565329174e-01
-5.056105903272517521e-01
-6.154494591799131165e-01
-7.373864464851802580e-01
-5.905651182919898767e-01
-4.802276888171644886e-01
-5.207883778283775023e-01
-5.324467022918746295e-01
-7.901972554597120890e-01
-5.725147562492038933e-01
-4.023456706095218660e-01
-6.989679151382788280e-01
-4.638887772276443222e-01
-5.835006100065178725e-01
-7.556164108117873202e-01
-7.032514268204207442e-01
-6.953441120899099825e-01
-3.353520644281814955e-01
-5.199843646483117698e-01
-6.507047709259257129e-01
-7.373864464851802580e-01
-4.339400188751705856e-01
-5.455954464986505492e-01
-6.138506660290677930e-01
-5.193193583272464053e-01
-6.466204144134486409e-01
-5.725147562492038933e-01
-4.339400188751706411e-01
-6.330503094800751240e-01
-6.927942734534514591e-01
-2.746276814643273112e-01
-6.337867456757044771e-01
-7.174339878039639462e-01
-7.032514268204207442e-01
-5.188212943412230382e-01
-6.963081697841634332e-01
-7.318410724335354667e-01
-3.839725173227614974e-01
-5.411637211874995579e-01
-4.819754076834505963e-01
-5.205245662632131953e-01
-8.940157848600243096e-01
-3.701631632176783926e-01
-5.132359502059435918e-01
-6.228449020184134710e-01
-8.814022821438864952e-01
-5.602010054765049762e-01
-5.925860865224865659e-01
-8.064442806686002996e-01
-4.460976230385732544e-01
-4.678381894635448290e-01
-6.803182634058324574e-01
-5.149345079911684664e-01
-6.032070154135580342e-01
-5.456655350160057871e-01
-5.905651182919898767e-01
-8.814022821438864952e-01
-5.252475756375130089e-01
-8.057094681459959773e-01
-2.431966731763625655e-01
-8.426155104722881095e-01
-4.135734747524210664e-01
-4.819754076834505963e-01
-7.938064128832234001e-01
-4.802349863354764548e-01
-5.338426009864870592e-01
-9.896349692317345514e-01
-8.067701481194149427e-01
-5.542173005538907349e-01
-5.584133292795405712e-01
-8.094529210821250764e-01
-5.878570287107616199e-01
-4.023456706095219215e-01
-5.205245662632131953e-01
-6.117305513905298975e-01
-3.584931866971531877e-01
-3.537737525443016562e-01
-5.743219447034407787e-01
-5.644879948375597367e-01
-5.278573897757709021e-01
-7.253149745221719735e-01
-5.187506348340625850e-01
-4.802276888171644886e-01
-5.455954464986505492e-01
-5.252475756375130089e-01
-7.813885717566133593e-01
-6.520978925725109399e-01
-5.302469771548474764e-01
-6.989679151382788280e-01
-6.330503094800751240e-01
-6.117305513905298975e-01
-3.553251473136888050e-01
-5.070599994621820539e-01
-7.129511067857895457e-01
-8.707776898903458740e-01
-7.843758792996513574e-01
-7.415635589413865913e-01
-8.932074873530545522e-01
-4.245503428441391724e-01
-6.138506660290679040e-01
-6.927942734534513480e-01
-7.813885717566132483e-01
-3.553251473136888050e-01
-9.547350278442658933e-01
-2.389599529878455031e-01
-6.366452831686750802e-01
-2.986953679128253603e-01
-5.542173005538907349e-01
-4.170998596909193945e-01
-5.817395785672683228e-01
-6.487334582431301122e-01
-5.188212943412231493e-01
-5.602010054765049762e-01
-3.811250460528226025e-01
-5.671206437027966896e-01
-8.615504753607257094e-01
-2.542521316075492255e-01
-6.953441120899099825e-01
-7.415635589413864803e-01
-7.799246612116923494e-01
-6.095211995036269315e-01
-4.753839224078072467e-01
-6.240056811218650523e-01
-6.803182634058324574e-01
-7.938064128832234001e-01
-3.450604735790628874e-01
-4.594147849736813782e-01
-6.238115517754626582e-01
-3.353520644281815510e-01
-6.963081697841633222e-01
-3.811250460528226025e-01
-7.799246612116923494e-01
-7.751035474631426947e-01
-5.988147325371699914e-01
-8.940157848600243096e-01
-4.802349863354764548e-01
-3.584931866971532433e-01
-8.701464781203549492e-01
-7.786762885311200311e-01
-2.541766507093784488e-01
-8.057094681459958663e-01
-6.520978925725109399e-01
-7.210209617335525678e-01
-5.848186740890495283e-01
-9.227952709876037218e-01
-5.925860865224864549e-01
-2.431966731763625378e-01
-5.671206437027966896e-01
-7.210209617335525678e-01
-3.921543836559178153e-01
-2.679387258201668676e-01
-6.884250996641128051e-01
-5.804135863201905776e-01
-5.149345079911684664e-01
-7.253149745221718625e-01
-7.071161424902214776e-01
-4.836606827367328498e-01
-4.897073143194232703e-01
-5.070599994621820539e-01
-9.547350278442658933e-01
-6.241335118089457179e-01
-8.158784886379132351e-01
-8.002600324310675806e-01
-1.843709848664394357e-01
-5.584133292795405712e-01
-8.932074873530544412e-01
-7.490956766795988653e-01
-5.905051197097259674e-01
-6.393767961600945737e-01
-3.537737525443016562e-01
-7.129511067857896567e-01
-6.241335118089457179e-01
-8.570316569602758339e-01
-5.007901154923166676e-01
-5.038138299778717188e-01
-8.615504753607257094e-01
-7.751035474631426947e-01
-3.921543836559178153e-01
-1.734736019019945674e-01
-5.244750555762897060e-01
-9.525571627939251051e-01
-5.302469771548474764e-01
-2.389599529878455031e-01
-5.848186740890497504e-01
-8.158784886379132351e-01
-3.431393793454603491e-01
-2.591059671146672128e-01
-7.410596478508967300e-01
-5.743219447034407787e-01
-8.701464781203549492e-01
-8.570316569602758339e-01
-7.765651491437477461e-01
-6.066040837988596612e-01
-5.338426009864869481e-01
-3.450604735790628874e-01
-7.786762885311200311e-01
-9.337869937236693563e-01
-8.022437598241349832e-01
-2.468425737904245965e-01
-8.094529210821250764e-01
-4.170998596909193945e-01
-7.490956766795988653e-01
-5.878050837562731612e-01
-1.989451008459835468e-01
-8.720124054959141890e-01
-6.032070154135580342e-01
-4.594147849736813782e-01
-7.071161424902215886e-01
-6.438033395877050813e-01
-5.760071363298163716e-01
-5.054868386450552808e-01
-4.245503428441391169e-01
-6.095211995036269315e-01
-5.905051197097259674e-01
-5.999585294889520082e-01
-5.407425312811795504e-01
-7.324179345885077907e-01
-9.227952709876036108e-01
-2.679387258201668121e-01
-3.431393793454602936e-01
-7.476507340310956096e-01
-7.096681627086596222e-01
-6.182758873298042079e-01
-4.753839224078072467e-01
-5.988147325371701024e-01
-1.734736019019945674e-01
-5.999585294889518972e-01
-8.178944346666288112e-01
-5.035156732901810983e-01
-3.184626440482282161e-01
-6.884250996641128051e-01
-5.244750555762897060e-01
-7.476507340310957206e-01
-5.176084023354702301e-01
-4.898087487351836522e-01
-5.320514919671806009e-01
-6.238115517754626582e-01
-9.337869937236692452e-01
-6.438033395877051923e-01
-7.315608712248589107e-01
-7.362583301277088044e-01
-8.002600324310675806e-01
-5.007901154923166676e-01
-2.591059671146672128e-01
-5.713545020735977253e-01
-6.050691890225941005e-01
-8.552325583716262614e-01
-2.541766507093784488e-01
-7.765651491437477461e-01
-8.022437598241349832e-01
-3.596822953161890046e-01
-5.516887467077002949e-01
-8.776821948276360974e-01
-5.187506348340626960e-01
-4.836606827367329053e-01
-7.857245122505330803e-01
-5.621386844400205751e-01
-5.817395785672683228e-01
-5.878050837562731612e-01
-5.902362828258362892e-01
-4.510296028423772530e-01
-9.525571627939251051e-01
-8.178944346666288112e-01
-5.176084023354701191e-01
-6.376653124917968096e-01
-7.740089487746186769e-01
-7.410596478508966189e-01
-7.096681627086596222e-01
-5.713545020735976143e-01
-4.185645917849479813e-01
-5.024728474082226226e-01
-5.623796995459191539e-01
-5.038138299778718299e-01
-6.066040837988596612e-01
-6.050691890225942116e-01
-3.596822953161890046e-01
-1.833254369651455828e-01
-4.204795949553805090e-01
-8.040437081016670318e-01
-6.393767961600945737e-01
-1.989451008459835468e-01
-5.407425312811795504e-01
-4.889828304720645891e-01
-7.131469767391581671e-01
-5.643861616599048503e-01
-3.156045002328261573e-01
-4.897073143194232703e-01
-5.760071363298163716e-01
-7.857245122505329693e-01
-5.589028576052115227e-01
-4.101150282628737709e-01
-6.966298270461684927e-01
-6.182758873298043190e-01
-4.898087487351835967e-01
-4.185645917849480369e-01
-6.414604462008230978e-01
-7.976154625927414088e-01
-5.537125314662123543e-01
-7.324179345885077907e-01
-5.035156732901810983e-01
-4.889828304720645891e-01
-7.314713428796426609e-01
-6.849127741898158872e-01
-3.830624134517400803e-01
-8.720124054959140780e-01
-5.902362828258362892e-01
-7.131469767391582781e-01
-5.946659273737394669e-01
-9.226920760804833144e-01
-2.468425737904245965e-01
-7.315608712248589107e-01
-5.516887467077002949e-01
-3.561871777713070952e-01
-4.649935734439666346e-01
-4.975562495893145476e-01
-5.947122623702858490e-01
-8.552325583716261503e-01
-5.024728474082226226e-01
-1.833254369651456106e-01
-9.388885068141423762e-01
-7.499558695895702787e-01
-4.251914812738801785e-01
-5.054868386450552808e-01
-7.362583301277088044e-01
-5.589028576052116337e-01
-3.561871777713071507e-01
-5.564088734304766248e-01
-8.266420530757696561e-01
-5.320514919671806009e-01
-6.376653124917968096e-01
-6.414604462008230978e-01
-5.400450883897255361e-01
-5.957775386158923325e-01
-5.424291882555515310e-01
-3.184626440482282717e-01
-7.740089487746186769e-01
-7.314713428796426609e-01
-5.400450883897255361e-01
-7.600328086284680040e-01
-4.416708069586283703e-01
-8.776821948276360974e-01
-4.204795949553805645e-01
-4.649935734439666346e-01
-6.222966408681003259e-01
-6.970299880048911323e-01
-4.608821307816853841e-01
-8.040437081016670318e-01
-9.388885068141421542e-01
-6.222966408681005479e-01
-5.337138553556330933e-01
-7.893754434975406298e-01
-5.623796995459191539e-01
-7.976154625927414088e-01
-7.499558695895702787e-01
-2.382625607828556258e-01
-4.524935383631633057e-01
-7.846496494723410597e-01
-5.621386844400206861e-01
-4.101150282628738264e-01
-5.819406779682386732e-01
-5.537125314662123543e-01
-5.957775386158923325e-01
-2.382625607828555980e-01
-8.362744250047496886e-01
-1.006616549983281317e+00
-4.510296028423773640e-01
-5.946659273737393558e-01
-3.818274147071761271e-01
-5.643861616599049613e-01
-6.849127741898158872e-01
-7.091865532881879153e-01
-6.605583467838462841e-01
-6.966298270461686037e-01
-5.564088734304766248e-01
-5.819406779682387842e-01
-4.434777962476885715e-01
-4.975562495893145476e-01
-8.266420530757696561e-01
-4.434777962476885715e-01
-6.175929355949396626e-01
-3.156045002328261573e-01
-9.226920760804834254e-01
-3.818274147071761826e-01
-7.091865532881879153e-01
-5.947122623702859601e-01
-6.970299880048910213e-01
-6.175929355949395516e-01
-5.167424629263689395e-01
-3.830624134517401358e-01
-7.600328086284680040e-01
-6.605583467838462841e-01
-5.868717646448389225e-01
-4.251914812738801785e-01
-5.337138553556330933e-01
-4.524935383631634167e-01
-4.589923428029455965e-01
-5.624021617003893692e-01
-5.424291882555515310e-01
-4.416708069586283703e-01
-8.362744250047497996e-01
-5.868717646448389225e-01
-4.608821307816853841e-01
-7.893754434975404077e-01
-5.167424629263688285e-01
-4.589923428029456520e-01
-7.846496494723410597e-01
-1.006616549983281317e+00
-5.624021617003893692e-01
