1.479701114421082091e-02
1.595428055627516953e-02
1.546026129028646792e-02
1.511478342715294812e-02
1.877327134430880479e-02
1.693419182223988503e-02
2.542509795217380575e-02
2.701454208880089622e-02
2.059606187218156886e-02
2.081279429689416108e-02
2.177439072238770632e-02
2.333976910762538409e-02
1.189439736965015350e-02
1.214717561626853237e-02
1.081734450471001294e-02
1.382474685839823678e-02
1.301890736162567355e-02
1.347180281721972739e-02
1.673454058608196335e-02
1.674896167305541667e-02
1.625517421946506488e-02
1.916014976385789492e-02
1.314489753390903765e-02
2.764977150099368758e-02
9.498216998447104806e-03
9.100189556008685121e-03
9.885166137624116015e-03
1.646888161706411974e-02
1.171474675468650063e-02
2.335270006105236509e-02
7.165490535713139701e-03
1.062198604307221066e-02
1.339044379407096363e-02
1.067495327419450829e-02
1.223329612615852748e-02
1.487249923125551383e-02
1.005504121784708306e-02
7.659099628770326545e-03
7.294411978051616903e-03
7.032955955659690728e-03
7.976833148210744906e-03
7.209035713813522102e-03
1.804794032505402726e-02
2.068723166652438467e-02
6.468546660226034799e-03
1.374364221327738396e-02
8.384954997539464244e-03
1.066839698789725024e-02
2.148915351014255709e-02
5.812084170550503755e-03
7.119064098049773630e-03
4.810575477125714032e-03
6.236867500299886694e-03
2.070878146022515909e-02
6.535470975260516263e-03
9.573615022471105435e-03
1.148118964917168444e-02
7.715340262483508238e-03
6.658245817072170475e-03
7.280882896013010121e-03
1.390429680099307917e-02
3.856865156307916816e-03
1.349793994394308388e-02
4.891909542054218192e-03
4.425543297738752588e-03
1.077410241316083261e-02
8.384520122019572738e-03
1.650964459741720292e-02
8.608119524979668258e-03
1.583653018481523053e-02
4.171833028511388354e-03
5.912722813228066948e-03
6.168621858050671314e-03
7.367837674628827972e-03
4.947509721290732111e-03
4.552287370247400794e-03
8.978831769479920372e-03
4.036324587068806750e-03
1.077456317410627543e-02
3.969698423771673805e-03
3.601854670346169018e-03
1.928922478374556215e-02
7.160361281156254164e-03
5.744583878136363259e-03
3.480646137995527765e-03
1.853528803048893128e-02
8.597971302445241853e-03
1.283608426082239601e-02
4.168055364459804721e-03
4.799347645438455101e-03
1.058670941329037905e-02
4.904197178768977816e-03
5.873576986594344559e-03
3.331853379756672794e-03
3.432851117059783092e-03
1.255681505474529405e-02
7.084798535496489823e-03
3.161537751012568828e-03
3.607194122087599344e-03
8.505252530304499570e-03
1.512283914655734168e-02
1.185934483481086883e-02
4.900779226967349501e-03
3.579146188288369335e-03
3.297595861279770980e-03
2.534812454176936514e-03
5.885288038172768570e-03
4.162384227236350272e-03
4.828517986342116541e-03
4.732751310848253706e-03
7.190548873167038404e-03
1.010193207021264569e-02
5.742726616894709007e-03
8.761953856278781663e-03
3.111005636907060098e-03
3.592081387882607984e-03
6.843796762456652583e-03
1.065180586619818986e-02
3.270495881287954071e-03
3.302093127214696111e-03
4.217870670514247723e-03
1.197111069780095079e-02
1.794415352428296515e-02
3.284612220593030943e-03
5.021682748995119801e-03
4.309549050994877784e-03
8.038343258398156915e-03
4.715473953480047928e-03
6.021047765717520497e-03
1.279941620286372331e-02
3.735269002789613855e-03
3.247471219765368268e-03
7.235244709852340153e-03
2.026861943194659815e-02
5.449098420044208059e-03
3.355448710494654888e-03
3.026050357738148747e-03
3.362211773364939729e-03
9.558729150015128975e-03
8.825361771521456414e-03
4.063413386599626538e-03
4.310386147067252725e-03
1.418355710455475489e-02
3.257576231973714417e-03
6.468172965071187358e-03
5.050766539251887871e-03
3.500259397344005277e-03
3.678164563515798086e-03
3.242868862210665157e-03
5.314135845638430153e-03
1.069872664585861874e-02
6.137288589845571983e-03
3.295936812598040250e-03
4.344617778887905832e-03
1.124544557494618763e-02
3.835064522806737146e-03
7.686281973966604952e-03
3.314455319227112631e-03
7.215045673270983895e-03
3.174973812061245709e-03
3.887991373796504096e-03
1.380729735008753324e-02
4.468944780000319410e-03
3.588500999131891914e-03
5.090481453289864844e-03
3.406667370594982595e-03
3.206989559282981839e-03
1.738506827481671110e-02
2.574603835419469241e-03
4.197743735155057797e-03
8.981309771677293066e-03
8.761229269617554563e-03
7.215747761968937385e-03
4.724719230247942728e-03
1.720311956043452106e-02
3.918404362684166885e-03
3.332251224621060517e-03
7.134172666721168114e-03
3.164638177722482130e-03
1.353596855871044315e-02
3.899676644300589801e-03
5.886036835034861442e-03
5.091445413861509298e-03
1.125498482820917572e-02
7.405276948603102885e-03
3.543866617418081188e-03
3.294566009284068380e-03
1.049667578078820017e-02
4.113209963002685890e-03
3.230535330076022595e-03
4.327974620672207264e-03
3.645656979840562577e-03
5.195874843970753158e-03
3.783191315613648048e-03
3.268414255988876665e-03
3.363799597332052527e-03
1.378038718209024377e-02
6.213618660789247718e-03
8.671480499152924362e-03
3.957602266373347159e-03
1.031585401893896602e-02
6.651782596925079859e-03
5.622515389534818268e-03
3.374914765592690498e-03
3.326359453850406562e-03
3.280505589849874639e-03
3.586736870716831626e-03
4.625470855497760755e-03
4.508777614906142768e-03
3.682584370881056800e-03
7.324578810916218714e-03
1.977221528740112991e-02
1.209416799341242986e-02
3.286875026183759887e-03
3.385474566661572562e-03
5.240857235952121364e-03
3.851944219075274789e-03
1.709558286778059544e-02
8.167236673275136624e-03
1.148217777261468543e-02
4.065240191924278899e-03
3.428106460610462741e-03
6.172977114567504420e-03
3.285112990134602100e-03
5.262768362518813713e-03
3.572019796333194327e-03
6.173104255581561561e-03
5.159246941240861438e-03
6.324443475038116387e-03
4.601024724756297944e-03
8.723667327239694597e-03
3.732982593678789429e-03
3.294654668687633202e-03
3.375055167322925116e-03
3.957471802136594725e-03
1.400690250707729324e-02
9.320201042319687865e-03
5.350031677651738427e-03
7.334765371061501005e-03
4.141660025370028260e-03
3.468167133966550825e-03
3.274641431786035322e-03
4.016385066244848069e-03
3.608274172927469943e-03
1.145915185364077167e-02
4.290415139108115332e-03
1.274231465745515914e-02
5.917236713706200239e-03
3.266011667674793145e-03
8.892193342774683262e-03
6.214677918530852122e-03
3.798276508719766568e-03
4.717862600490244952e-03
3.397904229149593166e-03
3.905734267941549272e-03
1.160756158132477192e-02
9.106524079779160230e-03
1.779778760246585739e-02
3.249062486205935366e-03
3.462693188477101742e-03
1.769367417543877066e-02
4.311663391785414308e-03
3.639571523604141247e-03
5.495182044926579315e-03
6.033660832541634308e-03
3.601706907028495806e-03
3.197296238076328696e-03
9.664280734840036829e-03
7.551885937546498270e-03
6.578380809677893300e-03
3.379224845263669071e-03
3.811344167024562947e-03
5.181837896760970938e-03
4.152382211746280700e-03
5.123113420766733407e-03
1.446175841561862796e-02
3.161216795740526535e-03
8.841647966145269044e-03
3.410185038107070490e-03
6.525629898230001467e-03
3.770176777284798674e-03
1.660761911260837109e-02
4.459708903788909759e-03
2.528645947940211941e-03
5.013481983486840765e-03
5.882810325858364199e-03
3.451916456681719102e-03
7.172428745686149770e-03
1.233299530084230877e-02
9.669034492880049236e-03
4.006460122646835278e-03
4.457462619078738503e-03
3.220792412126480177e-03
7.867374870722042973e-03
5.274187486646448458e-03
4.016818331688710476e-03
9.728404201446582897e-03
8.954121825989723449e-03
3.886062499762507876e-03
1.906565784665345542e-02
1.889054780186068955e-02
4.683626370452675242e-03
5.243725254883277107e-03
6.371267166964150741e-03
3.546407001851101422e-03
1.224573887540804373e-02
4.107813634406093720e-03
3.360810185619471716e-03
5.002899181943027372e-03
1.502205659502456846e-02
4.567991336861680456e-03
2.906922284710728669e-03
7.822467788889855833e-03
4.241959130109339976e-03
5.822681994696930416e-03
1.229909571838827369e-02
1.620603368848418102e-02
9.494137226681886518e-03
1.425795908012864738e-02
4.353104768964395632e-03
4.064142438294704104e-03
5.181019913776623194e-03
8.075937723913398023e-03
3.941895061102177952e-03
4.467015986822859067e-03
6.569448305714035985e-03
7.257875479849728098e-03
5.294964517988595687e-03
1.381032234427009842e-02
5.009854424439266068e-03
9.497826002763973957e-03
1.239372622128282614e-02
8.055355843245372988e-03
2.067002007675938779e-02
4.991190539224186519e-03
5.725604725962103389e-03
9.167354733988164472e-03
5.095103065025873706e-03
2.376515842996407973e-02
6.561084111475753121e-03
1.002958119814015454e-02
1.194731996008612830e-02
8.451632269717110346e-03
8.524994753494124014e-03
4.875190678300834503e-03
7.954789899341932827e-03
1.790354436244948402e-02
5.023870841644918414e-03
1.408582890106402016e-02
7.302952639003210296e-03
8.255971750205533949e-03
7.712733818676602467e-03
6.851062568181934438e-03
1.103466474303987227e-02
1.761566275455218183e-02
1.523957828893974208e-02
1.295555545889282879e-02
7.652526282225415553e-03
1.294721009880863208e-02
9.000687662119052565e-03
1.082213822524482998e-02
8.210083116404079048e-03
1.077649258982610152e-02
2.334144130322119218e-02
2.304597462872548172e-02
8.043424373634800589e-03
8.993947150399434626e-03
1.149797898806593360e-02
2.030898530987981440e-02
2.035158031324729028e-02
1.032705944737705335e-02
1.519184163313887920e-02
1.652877566606961862e-02
1.684065755733261255e-02
1.035199919843729846e-02
1.707799096294552316e-02
1.161401711568786112e-02
1.315630148215382773e-02
1.294943321384873537e-02
9.686372733583557132e-03
1.156176142519350046e-02
2.713478319775078709e-02
1.321340279111068820e-02
2.654583964766080856e-02
1.977997287484442590e-02
2.267952517915410027e-02
1.960808247603541832e-02
2.202302478206307271e-02
1.719832756802850554e-02
1.701823969503323333e-02
1.642308997903316886e-02
1.562655792484900219e-02
1.530177657303870634e-02
1.153265731891926771e-02
