221
223
231
232
239
240
241
243
245
248
251
252
253
254
258
259
261
262
263
265
266
270
271
272
273
274
276
278
280
282
283
285
286
287
290
291
292
293
294
295
298
301
302
303
304
306
307
308
310
311
312
313
314
315
319
320
321
322
323
324
325
326
327
329
330
331
332
334
335
336
337
338
339
340
341
342
343
344
345
347
348
349
350
351
352
353
354
356
357
358
359
360
361
362
364
365
366
367
368
370
371
372
373
374
375
376
377
378
379
380
382
383
384
385
386
387
388
389
390
391
392
393
205
213
214
225
233
234
328
355
