52
58
61
66
68
71
75
77
80
82
83
84
86
88
89
93
94
97
98
102
103
104
105
106
107
109
110
113
114
115
118
119
120
123
124
125
128
130
131
132
135
136
137
139
140
141
143
145
146
147
148
151
152
155
157
158
159
160
162
163
164
166
168
169
171
175
176
177
178
180
181
182
185
186
188
189
191
193
194
195
201
202
203
204
205
206
207
213
214
216
224
225
227
228
234
49
64
70
74
79
91
108
199
209
221
242
245
247
37
40
46
47
49
50
64
65
70
74
79
90
91
108
117
127
149
150
165
183
190
199
200
209
221
222
223
232
233
242
243
245
247
249
254
