0
1
2
3
4
5
6
8
9
10
11
12
13
14
15
16
17
18
20
21
22
23
24
25
26
28
30
31
32
33
34
35
36
37
38
39
40
41
42
44
48
49
51
54
55
56
57
59
60
63
64
67
70
72
73
74
76
78
79
81
87
91
92
96
99
100
108
111
112
116
121
122
126
127
134
138
142
144
153
154
156
167
170
172
179
184
187
197
198
210
211
212
218
230
238
244
246
256
257
277
281
289
299
305
316
328
333
346
355
363
369
381
7
19
27
29
43
45
46
47
50
52
53
58
61
62
65
66
68
69
71
75
77
80
82
83
84
85
86
88
89
90
93
94
95
97
98
101
102
104
106
109
110
113
115
117
119
129
226
250
268
272
287
293
308
312
315
326
330
341
343
353
360
362
373
375
378
385
386
388
