190
192
199
208
209
215
220
221
223
226
229
231
232
235
237
239
240
241
242
243
245
247
248
249
250
251
252
253
254
255
258
259
260
261
262
263
264
265
266
267
268
269
270
271
272
273
274
275
276
278
279
280
282
283
284
285
286
287
288
290
291
292
293
294
295
296
297
298
300
301
302
303
304
306
307
308
309
310
311
312
313
314
315
317
318
319
320
321
322
323
324
325
326
327
329
330
331
332
334
335
336
337
338
339
340
341
342
343
344
345
347
348
349
350
351
352
353
354
356
357
358
359
360
361
362
364
365
366
367
368
370
371
372
373
374
376
377
378
379
380
382
384
386
387
388
389
390
391
392
393
180
191
197
203
205
210
213
217
224
227
228
234
238
256
289
165
172
173
180
191
196
197
203
205
210
213
214
217
219
222
224
225
227
228
233
234
236
238
256
289
305
328
355
375
383
385
