46
47
50
52
58
61
65
66
68
71
75
77
80
82
83
84
86
88
89
90
93
94
97
98
102
103
104
105
106
107
109
110
113
114
115
117
118
119
120
123
124
125
128
130
131
132
135
136
137
139
140
141
143
145
146
147
148
150
151
152
155
157
158
159
160
162
163
164
166
168
169
171
175
176
177
178
180
181
182
185
186
188
189
191
193
194
195
201
202
203
204
205
206
207
213
214
216
224
225
227
228
233
234
2
4
5
6
13
16
17
18
19
24
26
27
29
31
32
33
37
38
40
43
45
49
53
54
62
63
64
69
70
74
79
85
91
95
101
108
129
199
209
220
221
223
231
232
239
240
241
242
243
245
247
248
251
253
254
258
259
262
264
265
266
269
270
273
276
280
284
285
286
291
298
