0
1
2
3
4
5
6
8
9
11
12
13
14
15
16
17
18
20
21
22
23
24
25
26
28
30
31
32
33
34
35
36
37
38
39
40
41
42
44
48
49
51
54
55
56
57
59
60
63
64
67
70
72
73
74
76
78
79
81
87
91
92
96
99
100
108
111
112
116
121
122
126
127
134
138
142
144
153
154
156
167
170
172
179
184
187
197
198
210
211
212
218
230
238
244
246
256
257
277
281
289
299
305
316
333
346
363
52
61
77
80
84
93
98
109
119
226
250
268
7
10
19
27
45
46
47
50
52
58
61
77
80
84
93
98
109
119
140
149
173
192
215
226
250
268
293
315
328
355
369
381
