0
1
2
3
4
5
6
7
8
9
11
12
13
14
15
16
17
18
19
20
21
22
23
24
25
26
27
28
29
30
31
32
33
37
38
39
40
41
43
45
46
48
49
51
52
53
54
58
61
62
63
64
65
66
68
69
70
71
75
77
79
80
81
82
83
84
88
89
94
97
102
103
105
106
107
114
118
120
122
124
125
131
136
137
141
146
148
155
157
163
166
167
175
176
185
189
193
195
205
206
211
214
223
225
232
240
241
243
244
246
248
251
253
254
256
257
258
259
261
262
266
268
270
271
272
273
274
276
277
278
280
281
282
283
286
287
289
290
291
292
293
294
295
298
299
301
302
304
305
306
307
308
310
311
312
313
314
315
316
319
320
321
323
324
325
326
327
328
329
330
332
333
334
335
337
339
341
342
343
344
345
346
347
349
350
351
352
353
354
356
357
358
359
360
361
362
363
364
365
366
367
368
370
371
372
373
374
376
377
378
379
380
382
384
386
387
388
389
390
391
392
393
