0
3
12
15
25
28
30
36
39
41
44
51
54
55
57
59
63
64
70
72
73
74
76
79
80
84
91
92
93
94
96
97
98
99
103
104
105
108
109
111
112
114
115
116
118
119
121
123
125
126
127
130
131
133
134
135
136
137
138
140
141
142
143
144
145
146
147
148
151
152
153
154
155
156
158
159
160
161
162
164
167
168
169
170
171
172
174
177
179
180
181
183
184
187
188
190
192
196
197
198
199
201
202
208
210
211
212
215
217
218
220
226
228
229
230
235
237
238
239
247
249
250
252
255
261
263
267
269
274
279
282
284
290
294
295
296
297
301
302
303
306
307
310
311
313
317
319
320
321
322
323
324
325
327
329
334
335
337
339
342
344
345
347
350
351
357
359
365
366
370
376
380
382
393
