268
255
267
270
255
255
263
259
258
257
270
268
255
270
255
260
260
260
270
257
270
255
258
256
263
263
261
262
265
269
255
261
262
269
255
262
270
268
255
255
264
267
255
258
260
260
257
262
269
255
263
270
269
269
261
269
258
264
264
262
264
265
256
258
265
256
258
270
258
265
255
257
269
255
270
257
270
256
263
265
265
255
256
258
256
260
270
259
268
255
264
261
259
268
268
259
262
270
270
270
255
269
270
265
269
262
260
260
266
270
255
269
256
269
256
259
255
256
257
258
257
267
256
268
265
262
270
270
270
262
270
262
265
270
257
268
270
261
257
263
262
261
260
257
270
256
257
270
270
261
255
264
255
266
267
270
270
270
257
269
268
255
268
269
258
267
262
263
262
268
268
268
270
265
269
266
256
255
257
263
260
259
264
265
270
260
261
257
258
260
264
269
265
263
260
262
270
268
265
255
258
261
270
255
270
265
269
267
265
255
265
268
267
270
268
268
259
258
255
270
255
255
264
255
264
267
255
266
269
255
259
255
270
267
255
266
259
270
261
270
270
259
255
262
270
268
257
264
269
267
267
270
264
265
267
264
261
269
263
257
265
264
262
266
259
266
264
258
269
266
259
255
256
258
255
267
257
268
270
263
264
256
255
255
257
257
261
265
262
263
258
266
262
270
270
269
264
262
261
263
268
260
267
259
255
268
269
268
270
268
268
255
259
268
256
255
269
255
257
269
267
268
270
270
256
267
265
256
269
270
258
259
270
256
255
256
255
257
257
257
258
257
260
255
269
270
258
259
264
258
