107
101
84
187
118
56
136
94
146
70
113
74
144
98
185
61
6
111
84
106
112
135
145
135
102
88
106
109
126
91
126
101
109
139
64
130
146
89
141
104
24
167
82
89
190
82
97
84
67
93
93
155
70
143
100
92
63
91
125
108
162
74
125
99
75
160
90
84
126
122
103
181
231
164
122
130
96
14
80
143
174
82
144
174
108
107
75
103
110
100
114
119
223
228
240
162
168
223
271
216
201
173
198
231
176
127
84
256
149
104
188
221
146
174
192
129
164
283
352
124
125
149
195
185
86
221
153
240
245
188
192
317
249
89
251
187
207
141
207
150
227
205
233
113
146
122
220
160
109
170
154
307
252
220
239
245
207
353
268
89
255
224
200
104
212
275
274
210
165
188
315
166
129
236
55
180
213
181
186
280
272
155
233
285
231
233
264
181
252
292
253
87
242
241
221
169
261
267
129
126
41
146
335
328
140
263
207
232
235
186
117
252
193
310
345
228
148
230
161
100
273
169
194
209
289
273
121
272
306
212
220
181
292
118
217
166
87
142
249
166
135
345
106
116
276
127
159
144
299
179
238
107
126
268
189
192
237
290
298
248
185
214
248
202
251
195
183
187
150
152
126
117
185
154
252
332
136
299
185
220
116
208
143
189
219
130
231
177
208
143
235
87
227
199
144
229
218
155
267
312
196
137
247
288
243
334
309
205
279
185
155
229
255
251
277
186
305
238
196
89
177
80
173
373
240
285
245
270
195
180
233
256
189
175
327
208
312
310
130
208
223
202
171
251
113
290
199
224
262
333
284
250
136
184
231
268
271
202
279
152
233
203
201
236
280
206
296
267
215
192
247
212
213
197
317
106
139
178
235
126
281
214
258
321
133
197
179
171
192
290
105
103
218
204
174
162
189
144
245
326
170
171
232
265
287
250
261
200
300
265
343
292
144
201
196
238
295
250
307
166
190
264
314
266
274
218
211
194
291
271
246
186
232
284
92
259
236
307
257
236
241
254
152
168
233
192
248
261
221
176
257
227
172
233
234
248
286
69
239
312
209
267
173
186
254
230
262
325
231
283
292
230
331
276
278
342
311
256
205
247
295
227
246
215
251
266
245
191
207
270
313
242
284
278
229
97
255
228
174
320
118
96
166
267
279
216
252
218
246
149
218
246
263
353
266
192
285
235
304
170
259
275
260
175
268
329
241
210
219
288
250
276
189
180
178
235
243
257
116
238
164
250
302
236
269
218
195
192
325
212
191
109
287
300
243
