107
101
84
187
118
56
136
94
146
70
113
74
144
98
185
61
6
111
84
106
112
135
145
135
102
88
106
109
126
91
126
101
109
139
64
130
146
89
141
104
24
167
82
89
190
82
97
84
67
93
93
155
70
143
100
92
63
91
125
108
162
74
125
99
75
160
90
84
126
122
103
181
231
164
122
130
96
14
80
143
174
82
144
174
108
107
75
103
110
100
114
79
168
228
209
112
145
179
203
145
201
173
155
210
171
105
60
237
130
104
157
219
113
151
118
111
139
259
328
90
100
146
167
100
82
195
150
111
217
57
175
264
234
59
207
147
146
141
179
143
191
205
208
93
122
101
153
114
109
112
154
282
220
205
215
162
190
150
244
72
249
175
178
90
161
55
255
191
165
162
297
138
114
211
43
172
193
152
168
280
159
104
194
243
217
213
148
154
222
268
251
78
220
207
198
150
195
226
128
112
36
146
334
226
134
159
174
182
184
186
117
71
193
285
230
87
134
174
94
69
167
157
162
185
243
236
94
248
291
134
165
142
259
98
81
77
55
36
84
150
69
335
83
104
162
113
119
90
265
133
192
104
104
108
149
162
79
82
298
207
147
57
129
187
142
168
88
145
72
109
122
94
127
150
190
229
83
56
51
156
101
200
90
173
211
101
99
142
182
143
74
53
170
157
124
212
204
31
124
172
182
45
201
184
159
132
75
100
279
53
141
197
209
195
277
71
205
224
96
86
152
62
173
131
220
268
174
201
81
158
197
256
149
58
168
50
86
267
78
85
78
184
142
222
103
269
198
108
186
188
229
250
90
106
50
219
192
167
262
98
182
144
165
101
204
167
148
261
67
175
218
157
195
115
306
81
81
160
211
122
132
116
154
236
54
178
126
114
77
267
80
71
218
73
133
133
72
144
185
166
131
120
156
265
189
250
144
83
119
263
194
184
0
92
157
155
213
244
125
100
47
89
133
234
208
203
171
159
230
241
199
132
65
240
72
223
122
292
108
138
227
71
117
106
155
148
203
183
193
89
83
175
55
170
172
240
147
34
101
177
187
231
105
105
76
188
194
61
216
117
263
176
80
143
266
77
154
168
101
56
233
72
103
204
81
75
70
132
73
179
67
94
95
153
78
48
124
41
130
120
47
71
29
228
165
55
106
80
144
149
56
113
79
0
110
183
145
188
115
16
175
79
120
149
94
92
51
113
219
288
70
146
153
94
132
183
107
132
96
222
70
220
144
215
168
142
181
122
185
72
130
41
124
275
166
