1.000000000000000000e+00
1.000000000000000000e+00
1.000000000000000000e+00
1.000000000000000000e+00
2.627130365689847036e-01
2.660885590820376012e-01
1.000000000000000000e+00
2.534126678806057353e-01
2.599130643969769783e-01
2.594054804196456732e-01
2.666741299653442310e-01
2.641180154543858460e-01
2.721486273403118661e-01
2.680356645632737678e-01
2.713320632371306607e-01
2.669640825481977009e-01
2.727083974885208817e-01
2.737226788760357965e-01
2.734437141643250579e-01
2.628652166900038445e-01
2.756876861774674170e-01
2.684624586892294662e-01
2.624558797625763940e-01
2.667517568094243674e-01
2.666375967440618444e-01
2.718628975187817320e-01
2.718586689862896311e-01
2.639089541087563107e-01
2.606406764417588118e-01
2.785152997915971151e-01
2.693629358123370565e-01
2.691541974612228771e-01
2.575803112438544984e-01
1.000000000000000000e+00
2.656795589808647606e-01
2.680800215512905149e-01
2.745281935560811015e-01
2.688427054172198294e-01
1.000000000000000000e+00
2.716618451643520449e-01
2.712323126479446178e-01
2.598014249907199535e-01
2.736669662474589537e-01
2.567323917766786145e-01
2.629302998070753850e-01
2.697853148898347042e-01
2.729461494870931704e-01
2.409292670108648948e-01
2.709376446653961601e-01
2.653380218747277697e-01
1.000000000000000000e+00
2.597494463089766725e-01
2.727071014060220011e-01
1.000000000000000000e+00
1.000000000000000000e+00
2.576516544844463241e-01
1.000000000000000000e+00
1.000000000000000000e+00
2.738172581968490449e-01
2.660477108687065995e-01
2.700174344894535894e-01
2.661486867892005059e-01
2.717327982895520466e-01
1.000000000000000000e+00
1.000000000000000000e+00
2.730570539790054263e-01
2.487357281970805911e-01
2.584082052714915534e-01
1.000000000000000000e+00
1.000000000000000000e+00
2.714666098447823250e-01
2.652198341734852693e-01
2.730880813436067922e-01
2.718002364453969144e-01
1.000000000000000000e+00
1.000000000000000000e+00
2.820625707988168029e-01
2.766345794369159949e-01
2.825204271481088769e-01
2.700112784805385191e-01
2.743328530740766769e-01
1.000000000000000000e+00
1.000000000000000000e+00
2.710306353896137499e-01
1.000000000000000000e+00
1.000000000000000000e+00
2.675066684860207267e-01
2.649249985251269091e-01
2.680162413497624851e-01
1.000000000000000000e+00
1.000000000000000000e+00
2.669277414371555857e-01
1.000000000000000000e+00
1.000000000000000000e+00
2.599117595495895050e-01
2.610335294930196670e-01
1.000000000000000000e+00
1.000000000000000000e+00
2.716081693517296003e-01
2.641669307262202171e-01
1.000000000000000000e+00
2.661482289550290981e-01
2.723631251953941290e-01
2.724657119435371921e-01
2.624509230755608380e-01
2.634959334072362602e-01
2.693588873301109854e-01
2.730220931822633368e-01
2.697644205262346162e-01
2.699964427024514335e-01
2.699550899561335982e-01
2.689676453694985758e-01
2.710491112938106517e-01
2.717013788845235034e-01
2.687368812498920345e-01
2.723867679532796515e-01
2.723748783373041715e-01
2.694682681108924727e-01
2.676324313345289641e-01
2.706848512150558661e-01
2.615314396869070634e-01
2.618992577924821319e-01
1.000000000000000000e+00
1.000000000000000000e+00
2.568133945209110647e-01
2.668377533103055699e-01
2.676408807713536175e-01
2.707646476767194277e-01
2.629528578562253527e-01
2.679102425966340406e-01
2.657718137468982333e-01
1.000000000000000000e+00
2.679096627678249631e-01
2.617972613437063445e-01
1.000000000000000000e+00
2.685736616817377409e-01
1.000000000000000000e+00
1.000000000000000000e+00
1.000000000000000000e+00
1.000000000000000000e+00
