0
0
0
0
0
4
8
8
12
15
20
26
30
36
42
48
54
60
66
72
78
85
91
96
102
108
115
121
127
132
137
143
149
155
155
161
167
171
177
177
183
189
194
200
205
210
216
221
224
230
236
236
239
245
245
245
249
249
249
253
257
263
269
275
275
275
279
282
288
288
288
294
300
305
309
309
309
316
321
326
332
338
338
338
344
344
344
348
352
358
358
358
364
364
364
367
370
370
370
376
382
382
388
394
398
402
406
411
415
421
427
433
439
445
451
457
463
469
475
481
487
493
499
499
499
504
510
516
520
524
530
536
536
540
544
544
548
548
548
548
548
