1
2
5
8
0
4
5
7
0
6
8
12
4
14
24
1
3
7
11
14
0
1
7
8
9
10
2
12
30
35
1
4
5
9
11
13
0
2
5
10
12
15
5
7
10
13
16
17
5
8
9
15
16
18
4
7
13
14
21
31
2
6
8
15
35
41
7
9
11
17
19
21
3
4
11
24
31
53
8
10
12
18
27
34
41
9
10
17
18
20
22
9
13
16
19
20
10
15
16
22
25
27
13
17
20
21
26
32
16
17
19
22
23
26
28
11
13
19
31
32
48
16
18
20
23
25
29
20
22
28
29
33
3
14
53
63
74
18
22
27
29
38
44
19
20
28
32
36
42
15
18
25
34
44
50
20
23
26
33
36
39
22
23
25
33
37
38
6
35
62
78
11
14
21
48
53
55
19
21
26
42
48
49
23
28
29
37
39
40
15
27
41
50
54
6
12
30
41
58
62
26
28
39
42
45
29
33
38
40
43
25
29
37
43
44
46
28
33
36
40
45
33
37
39
12
15
34
35
54
58
26
32
36
45
47
49
37
38
46
25
27
38
46
50
51
36
39
42
47
38
43
44
51
42
45
49
52
21
31
32
49
55
56
32
42
47
48
52
56
27
34
44
51
54
57
44
46
50
57
47
49
56
14
24
31
55
61
63
34
41
50
57
58
59
31
48
53
56
60
61
48
49
52
55
60
50
51
54
59
35
41
54
59
62
66
70
54
57
58
64
66
55
56
61
65
67
53
55
60
63
67
73
30
35
58
70
78
86
24
53
61
73
74
87
59
66
68
71
60
67
69
72
58
59
64
70
71
79
60
61
65
72
73
80
64
71
75
65
72
76
58
62
66
79
86
88
64
66
68
75
79
81
65
67
69
76
80
82
61
63
67
80
87
89
24
63
87
96
68
71
77
81
69
72
77
82
75
76
81
82
83
30
62
86
97
66
70
71
81
84
88
67
72
73
82
85
89
71
75
77
79
83
84
72
76
77
80
83
85
77
81
82
84
85
90
79
81
83
88
90
91
80
82
83
89
90
92
62
70
78
88
94
97
63
73
74
89
95
96
70
79
84
86
91
94
73
80
85
87
92
95
83
84
85
91
92
93
84
88
90
93
94
99
85
89
90
93
95
98
90
91
92
98
99
86
88
91
97
99
101
87
89
92
96
98
100
74
87
95
100
78
86
94
101
92
93
95
99
100
102
91
93
94
98
101
102
95
96
98
102
94
97
99
102
98
99
100
101
