5
7
10
13
4
9
10
12
4
11
13
17
9
19
29
5
8
12
16
19
4
5
12
13
14
15
7
17
36
42
5
9
10
14
16
18
4
7
10
15
17
20
10
12
15
18
21
22
10
13
14
20
21
23
9
12
18
19
26
37
7
11
13
20
42
48
12
14
16
22
24
26
8
9
16
29
37
67
13
15
17
23
32
41
48
14
15
22
23
25
27
14
18
21
24
25
15
20
21
27
30
32
18
22
25
26
31
39
21
22
24
27
28
31
34
16
18
24
37
39
60
21
23
25
28
30
35
25
27
34
35
40
8
19
67
83
103
23
27
32
35
45
52
24
25
34
39
43
49
20
23
30
41
52
62
25
28
31
40
43
46
27
28
30
40
44
45
11
42
80
107
16
19
26
60
67
71
24
26
31
49
60
61
28
34
35
44
46
47
20
32
48
62
70
11
17
36
48
76
80
31
34
46
49
55
35
40
45
47
51
30
35
44
51
52
58
34
40
43
47
55
40
44
46
17
20
41
42
70
76
31
39
43
55
59
61
44
45
58
30
32
45
58
62
65
43
46
49
59
45
51
52
65
49
55
61
66
26
37
39
61
71
72
39
49
59
60
66
72
32
41
52
65
70
73
52
58
62
73
59
61
72
19
29
37
71
79
83
41
48
62
73
76
77
37
60
67
72
78
79
60
61
66
71
78
62
65
70
77
42
48
70
77
80
88
98
70
73
76
86
88
71
72
79
87
91
67
71
78
83
91
102
36
42
76
98
107
115
29
67
79
102
103
116
77
88
94
99
78
91
95
101
76
77
86
98
99
108
78
79
87
101
102
109
86
99
104
87
101
105
76
80
88
108
115
117
86
88
94
104
108
110
87
91
95
105
109
111
79
83
91
109
116
118
29
83
116
127
94
99
106
110
95
101
106
111
104
105
110
111
112
36
80
115
128
88
98
99
110
113
117
91
101
102
111
114
118
99
104
106
108
112
113
101
105
106
109
112
114
106
110
111
113
114
119
108
110
112
117
119
120
109
111
112
118
119
121
80
98
107
117
125
128
83
102
103
118
126
127
98
108
113
115
120
125
102
109
114
116
121
126
112
113
114
120
121
124
113
117
119
124
125
130
114
118
119
124
126
129
119
120
121
129
130
115
117
120
128
130
133
116
118
121
127
129
132
103
116
126
132
107
115
125
133
121
124
126
130
132
135
120
124
125
129
133
135
126
127
129
135
125
128
130
135
129
130
132
133
