-6.025398343975989501e-01
-1.083674444195272146e+00
-7.176864114292109686e-01
-2.397255665334899755e-01
-6.025398343975990612e-01
-1.073086587969936279e+00
-4.469449933487833482e-01
-4.231770500341724417e-01
-1.083674444195272146e+00
-1.084932674716901246e+00
-6.650271882521625599e-01
-5.489565230637540871e-01
-9.660834690372654965e-01
-7.956181883419679579e-01
-5.817361229116300159e-01
-1.073086587969935835e+00
-9.660834690372654965e-01
-6.060411296554559790e-01
-5.637790976599702519e-01
-3.909020045371714991e-01
-7.176864114292109686e-01
-4.469449933487833482e-01
-8.516172016488202656e-01
-8.430506809923696832e-01
-6.096026897890380880e-01
-2.809930730913906549e-01
-1.084932674716901246e+00
-4.063331985329119989e-01
-6.802839485686056342e-01
-5.549953152294405667e-01
-4.231770500341724417e-01
-6.060411296554559790e-01
-8.516172016488201546e-01
-5.414448432561431712e-01
-6.579103095746909879e-01
-5.942722392531850639e-01
-2.397255665334900310e-01
-6.650271882521625599e-01
-8.430506809923696832e-01
-8.386330549313525395e-01
-6.677735839925017514e-01
-4.766367199937423527e-01
-6.096026897890380880e-01
-5.414448432561431712e-01
-8.678634828749468566e-01
-6.152433615642423081e-01
-4.148148570395680523e-01
-6.365517026977344228e-01
-2.809930730913906549e-01
-8.386330549313525395e-01
-8.678634828749469676e-01
-5.541484881110708693e-01
-5.652091048025539299e-01
-6.389750448406547045e-01
-5.637790976599703630e-01
-6.579103095746909879e-01
-6.063421246208935411e-01
-6.807969427956780395e-01
-4.190569482360369524e-01
-7.390350284424069827e-01
-5.489565230637541982e-01
-4.063331985329119433e-01
-6.677735839925017514e-01
-6.262064718500107707e-01
-7.360899259826697572e-01
-6.679729473698767794e-01
-5.942722392531850639e-01
-6.152433615642423081e-01
-6.063421246208935411e-01
-5.997768884214438323e-01
-4.566163727999212330e-01
-7.848087598263988607e-01
-7.956181883419679579e-01
-3.909020045371714991e-01
-6.807969427956779285e-01
-4.336973693205105063e-01
-3.878265517204677604e-01
-1.115389919873613689e+00
-4.766367199937424082e-01
-5.541484881110708693e-01
-6.262064718500107707e-01
-6.295184779206350889e-01
-1.926489949689887404e-01
-7.688721128035296282e-01
-3.792616826350798109e-01
-4.148148570395680523e-01
-5.652091048025539299e-01
-8.829377093393783182e-01
-7.077546833954255767e-01
-2.984562924476297785e-01
-8.557429515381247409e-01
-6.365517026977344228e-01
-5.997768884214438323e-01
-8.829377093393783182e-01
-9.056478216307624063e-01
-7.852500887663225182e-01
-6.389750448406547045e-01
-6.295184779206350889e-01
-7.077546833954255767e-01
-4.004120089845911168e-01
-3.827381961880528261e-01
-9.894053902307208270e-01
-4.566163727999212330e-01
-9.056478216307625173e-01
-2.430783325569150222e-01
-5.274648680689574265e-01
-7.736806532493321065e-01
-8.439207920493320136e-01
-2.984562924476297230e-01
-7.852500887663225182e-01
-2.430783325569149389e-01
-5.073941386036084911e-01
-7.466078673439525693e-01
-7.458174750749229087e-01
-3.517204649036005382e-01
-4.190569482360369524e-01
-7.848087598263988607e-01
-5.274648680689575375e-01
-7.187494550105846258e-01
-5.499288843645836478e-01
-6.783729574306294197e-01
-8.557429515381245189e-01
-4.004120089845911168e-01
-5.073941386036086021e-01
-7.433046494189775588e-01
-9.395333159514540622e-01
-3.427985028406149159e-01
-7.466078673439524582e-01
-7.433046494189775588e-01
-8.751550969601074037e-01
-9.089891344477174506e-01
-5.626429322164463454e-01
-5.817361229116300159e-01
-4.336973693205105063e-01
-2.757330035764856691e-01
-7.300466397098377413e-01
-5.364231164836366084e-01
-3.827381961880529371e-01
-9.395333159514540622e-01
-7.112227866311388036e-01
-5.478875192450172182e-01
-5.963717175478207011e-01
-5.347097140080603328e-01
-7.736806532493322175e-01
-7.458174750749229087e-01
-6.429396467824215478e-01
-3.595699875766053544e-01
-4.787640320384740633e-01
-7.145705979751668657e-01
-1.926489949689887959e-01
-9.894053902307208270e-01
-7.112227866311386926e-01
-1.019651707673794316e+00
-6.336129542677406690e-01
-3.357424727066454784e-01
-3.517204649036006492e-01
-8.751550969601075147e-01
-6.429396467824215478e-01
-6.424343134513246234e-01
-9.406620356579800113e-01
-3.110212183902219540e-01
-3.427985028406149159e-01
-9.089891344477174506e-01
-5.478875192450171072e-01
-3.834369904354320568e-01
-7.067037565931947318e-01
-8.404135787147350989e-01
-6.802839485686057452e-01
-5.238469295933836367e-01
-6.901698879303439504e-01
-5.694158698753497561e-01
-7.390350284424069827e-01
-3.878265517204677604e-01
-7.187494550105847368e-01
-3.697060390457431733e-01
-6.246875114341644553e-01
-8.796425531748532922e-01
-8.439207920493321247e-01
-5.499288843645835367e-01
-3.595699875766053544e-01
-6.588980797136910761e-01
-5.492247233714726562e-01
-7.195044587265468916e-01
-5.626429322164463454e-01
-6.424343134513246234e-01
-3.834369904354320568e-01
-7.309560909024062081e-01
-6.696230954019918302e-01
-6.977829318046079310e-01
-7.688721128035296282e-01
-1.019651707673794316e+00
-7.886981890466389089e-01
-7.006175417837009478e-01
-5.712540402140916518e-01
-5.549953152294405667e-01
-7.360899259826697572e-01
-5.238469295933834147e-01
-6.122521347515625934e-01
-5.505168124225737758e-01
-6.763752716996633829e-01
-4.787640320384740633e-01
-9.406620356579801223e-01
-6.353671310909390080e-01
-7.331309271175694420e-01
-1.107182343051477558e+00
-7.067037565931948428e-01
-7.309560909024062081e-01
-2.510140731529815206e-01
-7.521296378390662785e-01
-1.024986991629568411e+00
-5.963717175478207011e-01
-8.404135787147352099e-01
-2.510140731529815206e-01
-7.565214782218137035e-01
-6.541489495702988988e-01
-6.081811760239521636e-01
-3.110212183902220096e-01
-6.696230954019918302e-01
-6.353671310909391190e-01
-7.276695758524311941e-01
-4.300738027926048201e-01
-6.977829318046079310e-01
-7.521296378390663895e-01
-7.276695758524313051e-01
-6.679729473698770015e-01
-3.792616826350798109e-01
-7.886981890466389089e-01
-6.122521347515625934e-01
-6.337982548657665749e-01
-6.089029405591921407e-01
-7.145705979751669767e-01
-6.588980797136910761e-01
-7.331309271175694420e-01
-1.824114173265679040e-01
-9.834039446600886247e-01
-4.963626585716026107e-01
-1.024986991629568189e+00
-7.565214782218137035e-01
-5.466524253290100388e-01
-5.347097140080603328e-01
-6.336129542677405579e-01
-6.541489495702988988e-01
-6.290653520342209815e-01
-7.384974057342080789e-01
-4.769035033193336215e-01
-1.107182343051477558e+00
-4.300738027926048757e-01
-1.824114173265679872e-01
-6.878808227178792034e-01
-6.081811760239521636e-01
-5.466524253290099278e-01
-6.290653520342209815e-01
-6.754425013006790657e-01
-9.834039446600886247e-01
-6.878808227178792034e-01
-3.572079000488596057e-01
-5.567533610695303281e-01
-6.783729574306294197e-01
-3.697060390457431178e-01
-5.492247233714726562e-01
-7.329174071034361138e-01
-7.996534776390620269e-01
-5.735899583212722419e-01
-7.195044587265467806e-01
-4.963626585716026107e-01
-3.572079000488596612e-01
-7.329174071034361138e-01
-1.012105764437850830e+00
-4.392000794741424130e-01
-3.357424727066455339e-01
-7.006175417837008368e-01
-7.384974057342079679e-01
-6.754597910631050528e-01
-5.351329509491909997e-01
-6.946355922049951559e-01
-4.769035033193335105e-01
-6.754425013006790657e-01
-6.754597910631050528e-01
-5.264511259320275860e-01
-5.567533610695303281e-01
-1.012105764437850830e+00
-6.811381914287328865e-01
-1.115389919873613689e+00
-2.757330035764856135e-01
-6.246875114341644553e-01
-2.504321640776518421e-01
-7.637556067543136429e-01
-8.398479508691218953e-01
-5.712540402140917628e-01
-6.337982548657665749e-01
-5.351329509491909997e-01
-5.124223043621336515e-01
-5.650031182387171835e-01
-8.660836191197962552e-01
-8.796425531748534032e-01
-7.996534776390620269e-01
-2.504321640776518976e-01
-3.960806863507918552e-01
-6.406377828236460292e-01
-8.040104102185720025e-01
-5.735899583212722419e-01
-4.392000794741424130e-01
-6.811381914287328865e-01
-3.960806863507919662e-01
-7.711245581874207611e-01
-6.946355922049951559e-01
-5.264511259320275860e-01
-5.124223043621336515e-01
-5.928634036881473834e-01
-5.505168124225737758e-01
-6.089029405591921407e-01
-5.650031182387170725e-01
-3.951545108048589716e-01
-4.662279840011893661e-01
-4.964059326090561886e-01
-4.631013501428179469e-01
-8.660836191197962552e-01
-5.928634036881472724e-01
-3.951545108048589161e-01
-5.243385742332045130e-01
-5.057685542309516835e-01
-6.406377828236460292e-01
-7.711245581874207611e-01
-4.029762447311157625e-01
-5.737242926503418605e-01
-3.093451116730093764e-01
-7.637556067543136429e-01
-8.040104102185720025e-01
-4.029762447311157070e-01
-2.881015934459129624e-01
-6.879616741636402910e-01
-7.567434691853227591e-01
-6.901698879303439504e-01
-6.763752716996633829e-01
-4.662279840011893661e-01
-6.783808416135079788e-01
-4.408845576919901976e-01
-6.931683245396378368e-01
-7.300466397098377413e-01
-8.398479508691218953e-01
-2.881015934459129624e-01
-5.558696849250189809e-01
-5.184450394586200828e-01
-7.573088962400407187e-01
-5.243385742332046240e-01
-9.202282622878761309e-01
-6.824251661116682577e-01
-5.329270728930028955e-01
-5.737242926503418605e-01
-1.025158299870589484e+00
-7.344253118014503201e-01
-3.821959399531413837e-01
-4.964059326090561886e-01
-5.057685542309517945e-01
-9.202282622878761309e-01
-8.466634772050558588e-01
-4.070374293463011051e-01
-5.550135145484960120e-01
-3.093451116730093764e-01
-6.879616741636400690e-01
-1.025158299870589484e+00
-5.109454376142585907e-01
-5.418236217812224531e-01
-6.710980817986038627e-01
-6.824251661116682577e-01
-9.198089547333057059e-01
-8.894783199864081391e-01
-7.344253118014503201e-01
-9.484551244908001610e-01
-8.126557778218781447e-01
-4.631013501428179469e-01
-6.783808416135079788e-01
-8.466634772050558588e-01
-4.944977729090511698e-01
-4.784741620932972950e-01
-7.206567785476106769e-01
-5.329270728930028955e-01
-4.070374293463010495e-01
-9.198089547333058169e-01
-3.001428003960229240e-01
-8.998485120847419250e-01
-7.257204055869080905e-01
-3.821959399531413282e-01
-5.109454376142585907e-01
-9.484551244908001610e-01
-3.650694641962197728e-01
-7.646516462241308432e-01
-7.859871192729028788e-01
-7.567434691853227591e-01
-5.558696849250190919e-01
-5.418236217812224531e-01
-4.987669480664778110e-01
-4.907560398112763567e-01
-8.276092097567304684e-01
-5.364231164836366084e-01
-5.184450394586201938e-01
-5.590797578409033575e-01
-7.599493674646305985e-01
-8.894783199864080281e-01
-3.001428003960229796e-01
-7.874841388515478879e-01
-7.555552113897253674e-01
-8.126557778218779227e-01
-3.650694641962197728e-01
-8.239210090101594108e-01
-6.911970451948050709e-01
-7.874841388515478879e-01
-8.239210090101592998e-01
-4.700109092270242650e-01
-4.389780697064593618e-01
-7.165131395617714283e-01
-5.694158698753496450e-01
-4.408845576919902531e-01
-6.436619622778574357e-01
-7.858793687554397334e-01
-5.550135145484961230e-01
-4.944977729090510588e-01
-8.998485120847419250e-01
-3.581843882352402364e-01
-7.649504335586457815e-01
-6.344434472544897563e-01
-6.710980817986038627e-01
-7.646516462241308432e-01
-4.987669480664778110e-01
-3.479096939261534516e-01
-8.447004328986386090e-01
-5.766256983811551828e-01
-7.257204055869080905e-01
-7.555552113897252564e-01
-4.700109092270242650e-01
-3.581843882352402364e-01
-6.862600781548581219e-01
-7.085888635811918856e-01
-7.859871192729028788e-01
-6.911970451948051819e-01
-4.389780697064593618e-01
-3.479096939261534516e-01
-7.637137058229066522e-01
-6.901336668396359508e-01
-7.165131395617714283e-01
-6.862600781548581219e-01
-7.637137058229066522e-01
-4.456653084133628817e-01
-3.801911800677074127e-01
-6.970248918511754432e-01
-7.649504335586456705e-01
-7.085888635811918856e-01
-4.456653084133628817e-01
-4.459180914216183123e-01
-7.719711811197056406e-01
-5.434174395348670972e-01
-8.447004328986386090e-01
-6.901336668396360619e-01
-3.801911800677074682e-01
-4.077952848687345089e-01
-8.531569565248180442e-01
-5.451343535420787312e-01
-6.931683245396380588e-01
-4.784741620932972950e-01
-6.436619622778574357e-01
-6.552790328917610374e-01
-7.853935333231754079e-01
-4.152732717880684987e-01
-7.573088962400407187e-01
-4.907560398112763567e-01
-5.590797578409034685e-01
-5.755331513269779098e-01
-8.334587456710543796e-01
-4.552739521981510884e-01
-7.206567785476106769e-01
-6.344434472544897563e-01
-4.459180914216184233e-01
-6.552790328917610374e-01
-9.001259410390750615e-01
-3.545887957620270647e-01
-8.276092097567306904e-01
-5.766256983811552939e-01
-4.077952848687345089e-01
-5.755331513269777988e-01
-9.690804430101008782e-01
-3.798241549515431470e-01
-6.970248918511754432e-01
-7.719711811197056406e-01
-8.531569565248180442e-01
-4.164772962951422963e-01
-3.609553581470567041e-01
-5.947473956976222498e-01
-5.434174395348669862e-01
-9.001259410390749505e-01
-4.164772962951422963e-01
-1.030666515145721496e+00
-7.162541434631048975e-01
-2.166907341392343145e-01
-5.451343535420786202e-01
-9.690804430101008782e-01
-3.609553581470567041e-01
-1.039699976493258626e+00
-6.123498466515463479e-01
-2.910420837932527482e-01
-5.947473956976222498e-01
-1.030666515145721274e+00
-1.039699976493258626e+00
-5.630809660911306747e-01
-6.656830413195951035e-01
-7.853935333231754079e-01
-3.545887957620270092e-01
-7.162541434631048975e-01
-7.024221272327104693e-01
-8.865580748422138280e-01
-3.023789620298034109e-01
-8.334587456710543796e-01
-3.798241549515430360e-01
-6.123498466515463479e-01
-6.330953976029224384e-01
-9.268899071686080848e-01
-3.507319297581253936e-01
-7.599493674646305985e-01
-4.552739521981511439e-01
-6.330953976029224384e-01
-8.715189481794457516e-01
-7.858793687554396223e-01
-4.152732717880685542e-01
-7.024221272327104693e-01
-9.866798537324962259e-01
-2.910420837932528038e-01
-5.630809660911307857e-01
-9.268899071686079738e-01
-8.137794321844692425e-01
-6.155743944937160927e-01
-5.222266039191831855e-01
-2.166907341392344255e-01
-6.656830413195952145e-01
-8.865580748422139390e-01
-8.137794321844692425e-01
-7.381899266723661590e-01
-4.417250298771127071e-01
-3.507319297581253936e-01
-8.715189481794457516e-01
-6.155743944937159817e-01
-8.327396015922013950e-01
-3.023789620298034109e-01
-9.866798537324961149e-01
-7.381899266723660480e-01
-7.931081015919698718e-01
-5.222266039191831855e-01
-4.417250298771127071e-01
-8.327396015922013950e-01
-7.931081015919698718e-01
