0.000000000000000000e+00
0.000000000000000000e+00
0.000000000000000000e+00
0.000000000000000000e+00
1.735917312680029800e+00
1.724399174643778343e+00
0.000000000000000000e+00
1.268976646089261751e+00
2.288799821779067933e+00
1.449234085980734221e+00
6.876455818671529663e-01
2.638532279100858524e+00
6.173473726197823419e-01
6.853323901599543966e-01
2.485886973373255537e-01
2.620490883530157689e-01
5.588144316790355504e-01
8.946543906040773653e-01
2.285043080869860466e-01
1.288188878722614339e+00
3.407304583163455192e-01
9.693497546663033815e-02
8.297789297057589497e-02
1.007373779851668122e-01
8.133242306428262181e-02
4.652441901927378831e-02
1.986613613810023771e-01
3.822850331531252310e-02
1.271897824519885312e-02
4.528752256478248306e+00
3.631754244654969432e-02
2.975803828027101181e-02
8.774314756770124069e-02
0.000000000000000000e+00
1.272724069602918645e-02
1.392004921449322037e-02
4.348038929578080136e+00
4.696797346965900788e-01
0.000000000000000000e+00
6.807172502271913173e-02
6.409397281771803644e-03
1.463118583913311510e-01
1.506156285921907312e+00
9.122141169049710271e-03
5.225595210552093535e-03
1.386020411108099780e-02
5.195321930063278269e-03
1.920185274383180273e-03
4.922432651735415554e-01
2.461404698220297921e-02
0.000000000000000000e+00
5.030643472422932812e-03
3.657275865696126005e-02
0.000000000000000000e+00
0.000000000000000000e+00
8.044384051650048731e-03
0.000000000000000000e+00
0.000000000000000000e+00
1.531294019463233340e-02
2.010105560855702383e-02
1.656514943799151929e-01
5.682209877506340379e-02
9.323362014082262061e-02
0.000000000000000000e+00
0.000000000000000000e+00
4.250871271885153097e-02
3.351128623818520891e-02
1.166445980363590484e+00
0.000000000000000000e+00
0.000000000000000000e+00
2.639989854336486363e-01
4.080092590947842490e-01
1.680723698503454600e-01
1.265395929957026100e-01
0.000000000000000000e+00
0.000000000000000000e+00
9.690416292774854945e-01
3.956913237656112248e-01
4.019808233385898655e-01
8.084496485752882267e-01
2.335452123008133540e+00
0.000000000000000000e+00
0.000000000000000000e+00
2.212488274377131248e+00
0.000000000000000000e+00
0.000000000000000000e+00
2.006427953568674094e-01
1.949159246178931437e-01
4.524912064777292242e-01
0.000000000000000000e+00
0.000000000000000000e+00
4.122822797650412818e-01
0.000000000000000000e+00
0.000000000000000000e+00
7.775275865767762584e-02
6.322481663480013225e-02
0.000000000000000000e+00
0.000000000000000000e+00
1.054279948807413714e+00
1.598779780736923062e-01
0.000000000000000000e+00
1.499796060621271798e-01
1.017987316428421884e+00
6.325780706756352068e+00
5.665163116234831625e-02
5.480008238819654431e-02
7.138931669526257795e-02
6.463608589518843317e+00
3.990068733327082340e-01
3.933729442959859046e-01
1.549185818006437454e-01
1.532610038397176355e-01
2.107015912279179282e-01
4.328812116705657020e-01
4.355417967227319664e-01
2.710332896418826909e+00
2.733648207417344267e+00
1.056351749726322176e+00
1.068931380966775535e+00
5.845486057375771649e-01
1.189954135626366760e+00
1.215231672469930135e+00
0.000000000000000000e+00
0.000000000000000000e+00
1.168177737848866693e+00
2.997125612726149413e+00
3.077582266333112049e+00
7.645286416729996759e+00
7.115276547392253903e+00
3.479986786796673837e+00
3.435825951672433209e+00
0.000000000000000000e+00
8.987515555340737095e+00
1.072224176089162739e+01
0.000000000000000000e+00
1.213724049388769544e+01
0.000000000000000000e+00
0.000000000000000000e+00
0.000000000000000000e+00
0.000000000000000000e+00
